jedinec UID 5910 finalERR=0 I2=0 I3=0
jedinec UID 5910 finalERR=0.000000 I2=0.000000 I3=0.000000 
{
{   358,   184,   -52,  -111,   155,   193,   -19,  -202,   101,   212,    88,  -223,},
{  -156,   -66,  -221,  -178,  -234,  -335,   -71,  -243,   158,   -33,  -232,  -170,},
{   183,   248,  -357,  -177,   202,  -112,   185,  -207,    47,   -58,   -16,    97,},
{  -129,   196,   240,    37,  -116,   -12,   178,  -167,   237,    69,  -223,  -118,},
{  -124,   -77,   208,   201,  -147,    62,   146,   -76,    31,  -127,  -157,  -218,},
{  -223,   -45,   226,     3,  -162,  -205,   159,   -47,   185,   -84,  -136,   241,},
};
{
{   -81,   455,},
{    49,    73,},
{  -142,  -309,},
{   167,   117,},
{   132,    70,},
{  -101,    10,},
{  -106,   130,},
{   -96,    26,},
{   183,   310,},
{  -240,   204,},
{  -253,  -108,},
{   100,  -572,},
};
{
{  -323,   120,},
{   -62,    20,},
};
{
{   -25,    40,   -95,    56,  -179,  -117,   254,    41,   -22,   121,   208,     3,},
{    10,   160,  -228,   -87,   109,    25,   160,  -197,   182,  -146,   127,    19,},
{  -133,   211,  -482,  -200,     7,  -161,    84,   108,   -30,  -451,   142,   -90,},
{  -165,   236,  -293,   197,   -29,  -198,   204,  -158,    10,   -97,  -346,   133,},
{  -224,   381,  -226,  -255,   200,  -209,  -168,  -117,   173,  -122,   -27,   213,},
{   -12,     3,  -135,  -149,   123,   199,   -67,  -192,  -253,  -214,    98,  -252,},
{  -129,  -200,  -246,   209,   288,  -222,   117,  -167,  -301,  -103,  -201,  -196,},
{    52,  -228,  -162,   -31,   269,   -37,   171,    17,   -52,   190,   -22,    -7,},
{    59,   -62,  -116,   114,  -112,    45,    92,  -432,    29,  -358,  -101,     1,},
{    56,  -251,   205,  -165,   -23,  -195,   -52,  -188,    75,   123,   -18,  -234,},
{  -234,  -371,   -26,  -149,   187,  -255,   272,    91,  -155,  -296,  -479,   152,},
{   112,   190,   206,   224,  -269,    19,    50,  -292,   -49,   -34,  -121,   -40,},
};
{
{  -160,    50,},
{    79,   -16,},
};
{
{   -32,  -217,   -95,   389,   237,  -177,  -226,  -166,  -359,  -252,   -56,   -83,},
{   202,   106,   193,  -122,    54,   183,   -31,   125,    34,     9,   131,   -33,},
{  -544,  -208,  -233,  -151,    17,  -257,  -200,  -305,  -113,    64,   -10,    69,},
{   193,   174,    53,   212,   107,     8,  -253,    75,   120,    30,   220,    -8,},
{  -370,  -206,  -438,  -151,  -127,  -154,   -15,  -165,   100,  -179,   -85,  -155,},
{   144,   -14,   112,  -206,  -286,   -17,     4,   -35,   -32,    24,   136,   -79,},
{    -7,    14,   -84,  -137,   -53,   -93,  -279,   115,   112,   173,    -8,    70,},
{  -325,    62,   -66,   -21,   268,    19,   113,  -137,  -372,    94,  -220,   -41,},
{  -110,    41,  -212,   215,    18,   111,   109,  -231,    74,   185,  -180,    48,},
{  -211,  -370,    99,   -43,   152,  -243,  -312,   -76,   -53,  -223,  -232,   174,},
{  -244,   323,   234,  -144,   -37,   129,  -122,    15,    -8,   174,   192,   -80,},
{  -167,  -141,   111,  -195,   240,   126,  -114,   184,   -10,    50,  -345,   223,},
};
jedinec UID 2344 finalERR=0 I2=0 I3=0
jedinec UID 2344 finalERR=0.000000 I2=0.000000 I3=0.000000 
{
{   358,   184,   -52,  -111,   155,   193,   -19,  -202,   101,   212,    88,  -223,},
{  -156,   -66,  -221,  -178,  -234,  -335,   -71,  -243,   158,   -33,  -232,  -170,},
{   183,   248,  -357,  -177,   202,  -112,   185,  -207,    47,   -58,   -16,    97,},
{  -129,   196,    40,    37,  -116,   -12,   178,  -167,   237,    69,  -223,  -118,},
{  -124,   -77,   208,   201,  -147,    62,   146,   -76,    31,  -127,  -157,  -218,},
{  -223,   -45,   226,     3,  -162,  -205,   159,   -47,   185,   -84,  -136,   241,},
};
{
{   -81,   455,},
{    49,    73,},
{  -142,  -309,},
{   167,   117,},
{   132,    70,},
{  -101,    10,},
{  -106,   130,},
{   -96,    26,},
{   183,   310,},
{  -240,   204,},
{  -253,  -108,},
{   100,  -572,},
};
{
{  -323,   120,},
{   -62,    20,},
};
{
{   -25,    40,   -95,    56,  -179,  -117,   254,    41,   -22,   121,   208,     3,},
{    10,   160,  -228,   -87,   109,    25,   160,  -197,   182,  -146,   127,    19,},
{  -133,   211,  -482,  -200,     7,  -161,    84,   108,   -30,  -451,   142,   -90,},
{  -165,   236,  -293,   197,  -209,  -198,   204,  -158,    10,   -97,  -346,   133,},
{  -224,   381,  -226,  -255,   200,  -209,  -168,  -117,   173,  -122,   -27,   213,},
{   127,     3,  -135,  -149,   123,   199,   -67,  -192,  -253,  -214,    98,  -252,},
{  -129,  -200,  -346,   209,   288,  -222,   117,  -167,  -301,  -103,  -201,  -196,},
{    52,  -228,  -162,   -31,   269,   -37,   171,    17,   -52,   190,   -22,    -7,},
{    59,   -62,  -116,   114,  -112,    45,    92,  -432,    29,  -358,  -101,     1,},
{    56,  -251,   205,  -165,   -23,  -195,   -52,  -188,    75,   123,   -18,  -234,},
{  -234,  -304,   -26,  -149,   187,  -255,   272,    91,  -155,  -296,  -479,   152,},
{   112,   190,   206,   224,  -269,    19,    50,  -292,   -49,   -34,  -121,   -40,},
};
{
{  -160,    50,},
{    79,   -16,},
};
{
{   -32,  -217,   -95,   389,   237,  -177,  -226,  -166,  -359,  -252,   -56,   -83,},
{   202,   106,   193,  -122,    54,   183,   -31,   125,    34,     9,   131,  -153,},
{  -544,  -208,  -233,  -151,    17,  -257,  -200,  -305,  -113,    64,   -10,    69,},
{   193,   174,    53,   212,   107,     8,  -253,    75,   120,    30,   220,    -8,},
{  -370,  -206,  -438,  -151,  -127,  -154,   -15,  -165,   100,  -179,   -85,  -155,},
{   144,   -14,   112,  -206,  -286,   -17,     4,   -35,   -32,    24,   136,   -79,},
{    -7,    14,   -84,  -137,   -53,   -93,  -279,   115,   112,   173,    -8,   -46,},
{  -325,    62,   -66,   -21,   268,    19,   113,  -137,  -372,    94,  -220,   -41,},
{  -110,    41,  -212,   215,    18,   111,   109,  -231,    74,   185,  -180,    48,},
{  -211,  -370,    99,   -43,   152,  -243,  -312,   -76,   -53,  -223,  -232,   174,},
{  -244,   323,   234,  -144,   -37,   129,  -122,    15,    -8,   174,   192,   -80,},
{  -167,  -141,   111,  -195,   240,   126,  -114,   184,   -10,    50,  -345,   223,},
};
jedinec UID 2096 finalERR=0 I2=0 I3=0
jedinec UID 2096 finalERR=0.000000 I2=0.000000 I3=0.000000 
{
{   358,   184,   -52,  -111,   299,   193,   -19,  -202,   101,   212,    88,  -223,},
{  -156,   -66,  -221,  -178,  -234,  -335,   -71,  -243,   158,   -33,  -455,  -170,},
{   183,   248,  -357,  -177,   202,  -112,   185,  -207,    47,   -58,   -16,    97,},
{  -129,   196,    40,    37,  -116,   -12,   178,  -167,   237,    69,  -223,  -118,},
{  -204,   -77,   208,   201,    90,    62,   146,   -76,    31,  -127,  -157,  -218,},
{  -173,   -45,   448,     3,  -162,  -205,   -44,   -47,    22,   -84,  -136,   241,},
};
{
{  -311,   455,},
{    49,    73,},
{  -176,  -309,},
{   167,   315,},
{   132,   535,},
{  -205,    10,},
{  -223,   151,},
{  -201,    26,},
{   183,   310,},
{  -540,   -24,},
{  -253,  -108,},
{   100,  -572,},
};
{
{  -453,   120,},
{   -62,    20,},
};
{
{   -82,    40,   -95,   158,  -255,  -117,   254,    41,   -22,   121,  -228,     3,},
{    10,   160,  -228,   -87,   109,   -18,   160,  -197,   182,  -146,   127,    19,},
{  -133,   111,  -581,  -200,   155,  -161,    84,   -82,  -258,  -451,   142,   -90,},
{  -165,   236,  -293,   197,  -209,  -198,   106,   -52,    10,   -97,  -346,   133,},
{  -224,   381,  -226,  -255,    87,  -209,  -231,  -117,   -52,  -122,   -27,   213,},
{   127,  -128,  -136,  -149,   123,   199,   -67,  -192,  -253,  -214,    98,  -220,},
{    91,  -406,  -431,   209,   288,  -222,   117,  -167,  -301,  -103,  -201,  -196,},
{    52,  -228,  -162,   -31,   269,  -257,   171,    17,    88,   190,   -22,    -7,},
{   -78,   -62,  -209,   114,  -112,    45,    92,  -432,   -64,  -358,  -101,   -73,},
{    56,  -251,   205,  -165,  -243,  -195,   -52,  -188,    75,    14,   -18,  -234,},
{  -234,  -304,   -26,  -149,   187,  -255,   272,    91,  -155,  -296,  -479,    73,},
{   112,   190,   206,   224,  -269,    18,    50,  -292,  -511,   -34,  -121,   -40,},
};
{
{  -160,    50,},
{    98,   -16,},
};
{
{   -32,  -217,   -95,   389,   237,    12,  -226,  -166,  -359,  -252,   -56,   -83,},
{   202,   106,   193,  -122,    54,   183,   -31,   125,    34,     9,   131,  -153,},
{  -544,  -208,  -138,  -151,    17,  -257,  -200,  -371,  -113,    64,   -10,    69,},
{   193,   174,    53,   212,   107,     8,  -253,    75,   120,    30,   162,    -8,},
{  -370,  -206,  -438,  -151,  -127,  -154,   -15,  -165,   100,  -107,   -85,  -155,},
{   144,   -14,   112,  -206,  -286,   -17,     4,   213,   -32,    24,   136,   -79,},
{    -7,    14,   -84,  -137,   -53,   -93,  -279,   115,   112,   173,    -8,   -46,},
{  -325,    62,   -66,   -21,   268,    19,   113,  -137,  -372,    94,  -220,   -41,},
{  -110,    41,  -212,   106,    18,   111,   109,  -231,    74,   185,  -180,    48,},
{  -211,  -370,    99,   -43,   152,  -243,  -312,   -76,  -192,  -223,  -232,   174,},
{  -244,   323,   234,  -144,   -37,   129,  -122,    15,   -56,     9,   192,  -255,},
{  -167,  -141,   111,  -195,   240,    -4,  -114,   184,   -10,    50,  -345,   223,},
};
jedinec UID 1912 finalERR=0 I2=0 I3=0
jedinec UID 1912 finalERR=0.000000 I2=0.000000 I3=0.000000 
{
{   358,   184,   -52,  -111,   299,   193,   -37,  -202,   101,   212,    88,  -223,},
{  -156,   -66,  -196,  -182,  -234,  -335,   -71,  -243,   158,   -33,  -455,  -170,},
{   183,   248,  -357,  -177,   202,  -112,   185,  -207,    47,   -58,   -16,    97,},
{  -129,   196,    40,    37,  -116,   -12,   178,  -167,   237,    69,  -223,  -118,},
{  -204,   -77,   208,   201,    90,    62,   146,   -76,    31,  -127,  -157,  -218,},
{  -173,   -45,   448,     3,  -162,  -205,   -44,   -47,    22,   -84,  -136,   241,},
};
{
{  -311,   455,},
{    49,    73,},
{  -176,  -515,},
{   167,   315,},
{   132,   535,},
{  -205,    10,},
{  -223,   142,},
{  -201,    21,},
{   183,   310,},
{  -540,   -24,},
{  -253,  -304,},
{    83,  -572,},
};
{
{  -453,   120,},
{   -62,    20,},
};
{
{   -82,    40,   -95,   158,  -425,  -183,   176,     2,   -22,   121,  -228,     3,},
{    10,   160,  -303,   -87,   109,   -18,   160,  -197,   -60,  -183,   142,    19,},
{  -133,   111,  -581,  -200,    25,  -363,    84,   -82,  -497,  -451,   142,   -90,},
{  -165,   236,  -513,   197,  -156,  -198,   106,   -52,    10,   -97,  -346,   133,},
{  -224,   381,  -328,  -255,  -105,  -209,  -231,  -117,   -52,  -122,   -27,   213,},
{   127,  -128,  -344,  -149,    28,   199,   -67,  -192,  -253,  -214,   304,  -220,},
{   202,  -406,  -431,   209,   255,  -222,   117,  -167,  -418,  -103,  -201,  -196,},
{    52,  -228,  -162,   -31,   568,  -442,   171,    17,   -31,   190,   -22,    -7,},
{   -78,   -62,  -209,   114,  -112,    45,    28,  -432,   -64,  -358,  -101,  -109,},
{    56,  -251,   205,  -165,  -243,  -341,  -118,  -188,    75,    14,   -18,  -273,},
{  -234,  -304,   -26,  -149,   103,  -255,   272,   185,  -344,  -419,  -568,    73,},
{   112,   190,   206,   224,  -269,    18,   -25,  -292,  -511,   -34,  -121,   -40,},
};
{
{  -160,   227,},
{    98,   -16,},
};
{
{   -32,  -217,   -95,   389,   237,    12,  -226,  -166,  -359,  -252,   -56,   -83,},
{   202,   106,   193,  -122,    54,   183,   -31,   125,    34,     9,   131,  -153,},
{  -544,  -208,  -138,  -151,    17,  -312,  -200,  -371,  -113,    64,   -10,    69,},
{   193,   174,    53,   212,   107,     8,  -253,    75,   120,    30,   162,    -8,},
{  -370,  -257,  -438,  -151,  -127,  -154,   -15,  -165,   100,  -107,   -85,  -155,},
{   144,   -14,   112,  -206,  -286,   -17,     4,   213,   -32,    24,   136,   -79,},
{    -7,    14,   -84,  -137,   -53,   -93,  -279,   115,   112,   173,    -8,   -46,},
{  -325,    62,   -66,   -21,   268,    -4,   113,  -202,  -372,    97,  -220,   -41,},
{  -362,    41,  -212,   106,    18,   111,   109,  -231,    74,   185,  -180,    48,},
{  -211,  -370,    99,  -102,   152,  -243,  -312,   -76,  -267,  -302,  -232,   174,},
{  -493,   323,   234,  -144,   -37,   129,  -122,    15,   -56,     9,   192,  -255,},
{  -167,  -141,   111,  -195,   240,    -4,  -120,   184,   -10,   191,  -345,   223,},
};
jedinec UID 6567 finalERR=0 I2=0 I3=0
jedinec UID 6567 finalERR=0.000000 I2=0.000000 I3=0.000000 
{
{   358,   184,  -110,  -111,   299,   193,   -37,  -202,   101,   212,    88,  -223,},
{  -156,   -66,  -196,  -182,  -234,  -348,   -71,  -243,   146,   -33,  -455,  -209,},
{   183,   248,  -357,  -177,   202,  -112,   185,  -209,    47,   -58,   -16,    97,},
{  -129,   196,    40,    37,  -116,   -12,   178,  -167,   -34,    69,  -223,  -118,},
{  -204,   -77,   208,   201,    90,    62,    54,   -76,    31,  -127,  -157,  -218,},
{  -173,   -45,   448,     3,  -162,  -205,   -44,   -47,    22,   -84,  -446,   235,},
};
{
{  -311,   699,},
{    49,    73,},
{  -390,  -515,},
{   167,   315,},
{   132,   535,},
{  -208,    10,},
{  -232,   142,},
{  -206,    21,},
{   183,   556,},
{  -533,   -24,},
{  -253,  -304,},
{    83,  -572,},
};
{
{  -678,   116,},
{   -62,    20,},
};
{
{  -178,    40,  -154,   383,  -542,  -183,    64,     2,   -22,   121,  -388,     3,},
{    10,   160,  -303,   -87,    53,   -18,   160,  -197,   -60,  -183,   -83,    19,},
{  -133,   -10,  -581,  -200,    25,  -363,   -44,  -322,  -497,  -567,   142,   -90,},
{  -165,   236,  -513,   141,  -221,  -160,   106,   -52,    10,  -180,  -749,   133,},
{  -224,   381,  -328,  -106,   -74,  -209,  -231,  -283,   -52,  -122,   -27,   169,},
{   127,  -128,  -183,  -241,   130,   199,   -67,  -192,  -128,  -214,   304,  -340,},
{   202,  -406,  -890,   209,   255,  -265,   117,  -275,  -418,  -128,   -50,  -196,},
{    52,  -323,  -162,   -31,   568,  -442,   171,    17,   -31,   190,   -22,    -7,},
{   -78,   -62,  -209,   114,  -112,    45,    28,  -432,   -64,  -287,  -101,  -294,},
{  -186,  -286,   205,  -135,  -243,  -341,  -118,  -188,    75,    14,  -311,  -273,},
{  -234,  -466,   -26,  -149,    18,  -344,   272,   185,  -344,  -419,  -383,    26,},
{   112,   170,   206,    85,  -269,    18,  -244,  -389,  -511,   -34,  -121,   165,},
};
{
{  -160,   207,},
{    98,   -16,},
};
{
{  -269,  -217,   -95,   389,   302,    12,  -226,  -166,  -359,   -31,   -56,   -83,},
{   202,   202,   193,  -122,    54,   183,   -31,    71,    34,     9,   131,  -153,},
{  -544,  -208,  -138,  -151,    17,  -312,  -200,  -371,  -253,    64,   -10,    69,},
{   193,   103,    53,   212,   107,     8,  -241,    75,   120,    30,   162,    -8,},
{  -355,  -257,  -443,  -151,  -127,  -154,   -55,  -264,   100,  -107,   -85,  -155,},
{   144,   -14,   198,  -206,  -286,   -17,     4,   276,  -251,    24,   130,   -79,},
{   -93,    14,   -84,  -137,   -53,   -93,  -279,   115,   112,   322,    -8,   -46,},
{  -325,    62,   -66,   -21,   268,    -4,   113,  -202,  -372,    97,  -220,   -41,},
{  -362,    41,  -212,   106,    18,   111,   132,  -231,    74,   185,  -180,   -36,},
{  -425,  -370,    99,  -102,   152,  -243,  -343,   -76,  -267,  -302,  -232,   174,},
{  -493,   171,   234,  -144,   -37,   247,  -122,    15,   -71,  -150,   192,  -255,},
{  -167,  -141,    11,  -195,   283,    -4,  -120,   184,   -10,   191,  -345,   223,},
};
jedinec UID 5957 finalERR=0 I2=0 I3=0
jedinec UID 5957 finalERR=0.000000 I2=0.000000 I3=0.000000 
{
{   358,   184,  -110,  -111,   299,   193,   -37,  -202,   101,   212,    88,  -223,},
{  -156,   -66,  -196,  -216,  -234,  -348,   -71,  -243,   146,   -33,  -455,  -209,},
{   183,   248,  -357,  -177,   202,  -112,   185,  -209,    47,   -60,   -16,    97,},
{  -129,   196,    40,    37,  -116,   -12,   178,  -167,   -34,    69,  -223,  -118,},
{  -204,   -77,   208,   201,    90,    62,    54,   -76,    31,  -127,  -157,  -218,},
{  -173,   -45,   448,     3,  -162,  -205,   -44,   -47,    22,   -84,  -383,   235,},
};
{
{  -311,   699,},
{    49,    73,},
{  -390,  -515,},
{   167,   315,},
{   132,   535,},
{  -208,    10,},
{  -232,   142,},
{  -206,    21,},
{   183,   556,},
{  -533,   -24,},
{  -253,  -304,},
{    83,  -572,},
};
{
{  -678,   116,},
{   -62,    20,},
};
{
{  -178,    40,  -154,   383,  -542,  -183,    64,     2,   -22,   121,  -388,     3,},
{    10,   160,  -303,   -87,    53,   -18,   160,  -197,   -60,  -183,  -289,    19,},
{  -133,   -10,  -581,  -325,    25,  -363,   -44,  -547,  -497,  -567,   142,   -90,},
{  -165,   436,  -749,   141,  -221,  -160,   106,   -52,    10,  -180,  -749,   133,},
{  -224,   381,  -328,  -106,   -74,  -209,  -220,  -283,   -52,  -122,   -27,   336,},
{   127,  -128,  -183,  -241,   130,   199,  -271,  -192,  -128,  -214,   304,  -205,},
{   202,  -406,  -890,   209,   255,  -265,   117,  -275,  -418,  -128,   -50,  -196,},
{    52,  -323,  -162,  -282,   568,  -442,   171,  -170,   -31,   190,   -56,    -7,},
{   -78,   -62,  -209,   114,  -112,    45,    28,  -432,   -64,  -287,  -101,  -294,},
{  -186,  -286,   205,  -135,  -243,  -262,  -118,  -188,    75,    14,  -780,  -273,},
{  -234,  -466,   -26,  -149,    18,  -344,   272,   185,  -344,  -419,  -383,    26,},
{   112,   170,   206,    85,  -269,   -47,  -244,  -389,  -511,   -34,  -121,   165,},
};
{
{  -160,   315,},
{    98,   -16,},
};
{
{  -269,  -217,   -95,   389,   302,    12,  -226,  -166,  -359,   -31,   -56,   -83,},
{   202,   202,   193,  -122,    54,   183,   -31,    71,    34,     9,   131,  -153,},
{  -544,  -208,  -138,  -151,    17,  -312,  -200,  -371,  -253,    64,   -10,    14,},
{   300,   103,    53,   212,   107,     8,  -241,    75,   120,    30,   162,    -8,},
{  -270,  -353,  -443,  -151,  -127,  -154,   -55,  -264,   100,  -107,   -85,  -155,},
{   -93,   -14,   198,  -206,  -286,   -17,     4,   276,  -440,    24,   130,   -79,},
{   -93,    14,   -84,  -137,   -53,   -93,  -279,   115,    68,   275,    -8,   -46,},
{  -325,    62,   -66,   -21,   268,    -4,   113,  -202,  -372,    97,  -220,   -41,},
{  -362,    41,  -212,   106,    18,   111,   132,  -231,    74,   185,  -180,  -173,},
{  -425,  -370,    99,  -102,   152,  -243,  -343,   -76,  -267,  -302,  -232,   174,},
{  -493,   171,   234,  -144,   -37,   247,  -122,    15,   -71,  -150,   192,  -255,},
{  -167,  -141,    11,  -195,   283,    -4,  -120,   184,  -249,   191,  -345,   223,},
};
jedinec UID 7993 finalERR=0 I2=0 I3=0
jedinec UID 7993 finalERR=0.000000 I2=0.000000 I3=0.000000 
{
{   358,   184,  -110,  -111,   299,   193,   -37,  -202,   101,   212,    88,  -223,},
{  -156,   -66,  -196,  -216,  -234,  -348,   -71,  -243,   146,   -33,  -455,  -209,},
{   183,   248,  -357,  -177,   202,  -112,   185,  -209,    47,   -60,   -16,    97,},
{  -129,   196,    40,    37,  -116,   -12,   178,  -167,   -34,    69,  -223,  -118,},
{  -204,   -77,   208,   201,    90,    62,    54,   -76,    31,  -127,  -157,  -218,},
{  -173,   -45,   448,     3,  -162,  -205,   -44,   -47,    22,   -84,  -383,   235,},
};
{
{  -311,   699,},
{    49,    73,},
{  -390,  -515,},
{   167,   315,},
{   132,   535,},
{  -208,    10,},
{  -232,   142,},
{  -206,    21,},
{   183,   556,},
{  -533,   -24,},
{  -253,  -304,},
{    83,  -572,},
};
{
{  -678,   116,},
{   -62,    20,},
};
{
{  -178,    40,  -154,   383,  -542,  -183,    64,     2,   -22,   121,  -388,     3,},
{    10,   160,  -303,   -87,    53,   -18,   160,  -197,   -60,  -183,  -289,    19,},
{  -133,  -165,  -581,  -325,    25,  -363,   -44,  -547,  -497,  -567,   142,   -90,},
{  -165,   436,  -749,   141,  -221,  -160,   106,   -52,    10,  -180,  -855,   133,},
{  -224,   381,  -328,  -106,   -74,  -209,  -220,  -283,   -52,  -122,   -27,   336,},
{   127,  -379,  -183,   -91,   130,   199,  -271,  -192,  -128,  -214,   304,  -205,},
{   202,  -406,  -890,   209,   255,  -265,   117,  -275,  -418,  -128,   -50,  -196,},
{    52,  -323,  -162,  -282,   568,  -442,   171,  -170,   -31,   190,   -56,    -7,},
{   -78,   -62,  -209,   114,  -112,    45,    28,  -432,   -64,  -287,  -101,  -294,},
{  -186,  -286,   205,  -135,  -243,  -262,  -118,  -188,    75,    14,  -780,  -273,},
{  -234,  -466,   -26,   -37,    18,  -344,   272,   185,  -344,  -419,  -383,    26,},
{   112,    24,   206,    85,  -269,   -47,  -244,  -389,  -706,   -34,  -121,   165,},
};
{
{  -160,   315,},
{    98,   -16,},
};
{
{  -269,  -224,   -95,   389,   302,    12,  -226,  -166,  -359,   -31,   -56,   -83,},
{   202,   202,   193,  -122,    54,   183,   -31,    71,    34,     9,   131,  -153,},
{  -544,  -208,  -138,  -151,    17,  -312,  -200,  -371,  -253,    64,   -10,    14,},
{   300,   103,    53,   212,   107,     8,  -241,    75,   120,    30,   162,    -8,},
{  -270,  -353,  -443,  -151,  -127,  -154,   -55,  -264,   100,  -107,   -85,  -155,},
{   -93,   -14,   198,  -206,  -286,   -17,     4,   276,  -440,    24,   130,   -79,},
{   -93,    14,   -84,  -137,   -53,   -93,  -279,   115,    68,   275,    -8,   -46,},
{  -325,    62,   -66,   -21,   268,    -4,   113,  -202,  -372,    97,  -220,   -41,},
{  -362,    41,  -212,   106,    18,   111,   132,  -231,    74,   185,  -180,  -173,},
{  -425,  -370,    99,  -102,   152,  -243,  -343,   -76,  -267,  -302,  -232,   174,},
{  -493,   171,   234,  -144,   -37,   247,  -122,    15,   -71,  -150,   192,  -255,},
{  -167,  -141,    11,  -195,   283,    -4,  -120,   184,  -249,   191,  -345,   223,},
};
jedinec UID 2190 finalERR=0 I2=0 I3=0
jedinec UID 2190 finalERR=0.000000 I2=0.000000 I3=0.000000 
{
{   358,   111,  -110,  -176,   299,   193,   -37,  -424,   101,   212,    88,   -76,},
{  -156,   -66,  -196,  -216,  -235,  -406,   -44,  -243,   146,   -33,  -800,  -209,},
{   183,   248,  -357,  -177,   202,  -112,   185,  -402,    47,   -60,   -16,     8,},
{  -129,   196,    40,    33,  -116,   -12,   178,  -167,   -34,    69,  -292,     7,},
{  -239,   -77,   208,   201,    90,    62,    54,   -76,    31,  -127,  -157,  -218,},
{  -173,   -45,   448,     3,  -162,  -205,   -44,   -47,    22,   -84,  -489,   235,},
};
{
{  -317,   827,},
{    49,    73,},
{  -390,  -515,},
{   167,   203,},
{   132,   535,},
{  -208,    10,},
{  -232,    48,},
{  -206,  -190,},
{   183,   556,},
{  -533,   -24,},
{  -253,  -304,},
{    83,  -594,},
};
{
{  -678,    -6,},
{   -62,     3,},
};
{
{  -232,   260,  -154,   582,  -542,  -249,   114,  -299,   -22,   121,  -485,     3,},
{    10,   160,  -491,   -87,    53,   -18,   160,  -197,   163,  -183,  -318,  -156,},
{  -133,  -756,  -795,  -325,    25,  -363,   -44,  -547,  -497,  -567,    96,  -335,},
{  -165,   436,  -907,   141,  -276,  -273,   106,  -205,    10,  -180, -1099,  -225,},
{  -224,   575,  -328,    56,   -74,  -683,  -220,  -283,  -240,  -221,   -27,   112,},
{   127,  -492,  -236,   -91,   130,   199,  -271,  -160,  -128,  -214,   304,  -413,},
{   202,  -406,  -890,   209,   255,  -265,    94,  -307,  -450,  -128,   -50,  -196,},
{    52,  -411,   -27,  -282,   568,  -535,   -87,  -170,   -31,   190,   -56,    -7,},
{   -78,   109,  -236,    55,  -112,    45,   -78,  -661,   -64,  -287,  -196,  -208,},
{  -186,  -484,   205,  -135,  -243,  -326,  -337,  -430,    75,    14,  -780,  -523,},
{  -234,  -466,   -26,   -37,    18,  -344,   272,   387,  -528,  -496,  -383,  -201,},
{  -101,  -212,   338,    57,  -477,  -274,  -244,  -497,  -571,   -60,   -65,   165,},
};
{
{  -160,   315,},
{    98,   -34,},
};
{
{  -342,  -224,   -95,   389,   302,    12,  -246,  -166,  -716,  -152,   -81,   -83,},
{   202,   202,   193,  -122,    54,   183,   -31,    71,    34,  -144,   131,  -153,},
{  -449,  -414,  -155,  -151,    17,  -258,  -200,  -371,  -253,    64,   -10,    14,},
{   300,   103,    80,   212,   107,    62,  -241,    75,   165,    30,   162,   -14,},
{  -766,  -353,  -443,  -151,  -127,  -200,   -55,  -264,   100,  -107,   -99,  -328,},
{   -98,   -14,   198,  -206,  -286,   -17,     9,   219,  -440,    10,   130,   -79,},
{  -235,    14,   -84,  -137,   -53,  -231,  -279,    51,    68,   275,   110,   -46,},
{  -571,    62,   -66,   -21,   240,    -4,   113,  -202,  -372,    97,  -220,   -41,},
{  -216,    41,  -212,   106,    18,   111,   132,  -354,    74,   -17,  -303,  -173,},
{  -425,  -370,    99,  -102,   170,  -243,  -343,   -76,  -165,  -516,  -232,   174,},
{  -493,   171,   234,  -144,   -37,   247,  -147,    15,  -221,  -150,   192,  -255,},
{  -378,    65,    11,  -195,   283,  -123,  -120,   184,  -464,   191,  -345,   223,},
};
jedinec UID 6176 finalERR=0 I2=0 I3=0
jedinec UID 6176 finalERR=0.000000 I2=0.000000 I3=0.000000 
{
{   358,   111,  -110,  -176,   299,   193,   -37,  -424,   101,   212,    88,   -76,},
{  -156,   -66,  -196,  -216,  -235,  -406,   -44,   -36,   146,   -33, -1038,  -209,},
{   183,   248,  -357,  -177,   202,  -112,   185,  -464,    47,   -60,   -16,     8,},
{  -129,   196,    40,    33,  -116,   -12,   178,  -167,   -34,    69,  -320,     7,},
{  -239,   -77,   208,   201,    90,    62,    54,   -76,    31,  -127,  -157,  -218,},
{  -173,   -45,   448,     3,  -162,  -205,   -44,   -47,    22,   -84,  -489,   235,},
};
{
{  -317,   827,},
{    49,    73,},
{  -390,  -515,},
{   167,   203,},
{   132,   535,},
{  -208,    10,},
{  -232,    48,},
{  -206,  -190,},
{   183,   556,},
{  -533,   -24,},
{  -253,  -304,},
{    83,  -594,},
};
{
{  -678,    -6,},
{   -62,     3,},
};
{
{  -232,   260,  -189,   582,  -707,  -249,   114,  -299,   -22,   121,  -485,     3,},
{    10,   160,  -491,   -87,    53,   -25,   160,  -197,   163,  -183,  -523,  -156,},
{  -133,  -756,  -795,  -325,    25,  -494,   -44,  -547,  -497,  -567,    96,  -183,},
{  -165,   436,  -907,   141,  -276,  -273,  -140,  -205,    10,  -401, -1099,   -59,},
{  -224,   575,  -328,    56,   -74,  -683,  -220,  -428,  -240,  -221,   -27,   -21,},
{   127,  -492,  -367,  -125,   130,   199,  -392,  -160,  -236,  -230,   304,  -413,},
{   202,  -406,  -890,   209,   255,  -265,    94,  -549,  -450,  -128,   -63,  -196,},
{    52,  -411,  -157,  -282,   492,  -567,   -87,  -170,   -31,   242,   -56,    -7,},
{   -78,   109,  -236,    55,  -127,    45,   -78,  -661,   -64,  -287,  -196,  -208,},
{  -186,  -484,   297,  -135,  -243,  -326,  -337,  -430,    75,    81,  -780,  -523,},
{  -234,  -396,   -26,   -37,    -7,  -212,   272,   387,  -528,  -496,  -383,  -329,},
{  -101,  -212,   338,    57,  -477,  -377,  -244,  -497,  -571,   -60,   -65,   165,},
};
{
{  -160,   445,},
{    98,   -34,},
};
{
{  -342,  -224,   -95,   389,   245,    12,  -246,  -166,  -716,  -152,   -81,   -83,},
{   177,   202,   193,  -122,    54,   183,   -31,    43,    34,  -144,   131,  -153,},
{  -449,  -414,  -155,  -151,    17,  -258,  -200,  -371,  -253,    64,   -10,    14,},
{   300,   103,    80,    78,   107,    62,  -241,    75,   165,    30,   162,   -14,},
{  -766,  -353,  -443,  -151,  -127,  -200,   -55,  -264,   100,  -107,   -99,  -328,},
{   -98,   -14,   198,  -206,  -286,   -17,     9,   219,  -551,    10,   130,   -79,},
{  -176,    14,   -84,  -137,   -53,  -231,  -279,    51,    68,   275,   110,   -46,},
{  -571,    62,   -66,   -21,   240,    -4,   113,  -202,  -372,    97,  -220,   -41,},
{  -273,    29,  -212,   106,   -59,   111,   132,  -354,   -68,   -17,  -303,  -173,},
{  -425,  -370,    99,  -102,   170,  -307,  -343,   -76,  -165,  -516,  -232,   174,},
{  -493,   171,   234,  -144,   -37,   247,  -147,    15,  -221,  -221,   192,  -255,},
{  -378,    65,   240,  -195,   283,  -123,  -120,   184,  -501,   191,  -345,   223,},
};
jedinec UID 6502 finalERR=0 I2=0 I3=0
jedinec UID 6502 finalERR=0.000000 I2=0.000000 I3=0.000000 
{
{   358,   111,  -110,  -176,   299,   193,   -48,  -424,   101,   212,    88,   -76,},
{  -156,   -66,  -196,  -216,  -235,  -406,   -44,   -36,   146,   -33, -1038,  -322,},
{   183,   248,  -357,  -177,   202,  -112,   185,  -464,    47,   -60,   -16,     8,},
{  -129,   196,    40,    33,  -116,   -12,   178,  -167,   -34,    69,  -386,     7,},
{  -239,   -77,   208,   201,    90,    62,    54,   -76,    31,  -127,  -157,  -218,},
{  -173,   -67,   448,     3,  -162,  -205,   -44,   -47,    22,   -84,  -489,   235,},
};
{
{  -317,   827,},
{    49,    73,},
{  -390,  -515,},
{   167,   203,},
{   132,   535,},
{  -208,    10,},
{  -232,    48,},
{  -206,  -190,},
{   183,   556,},
{  -533,   -24,},
{  -253,  -304,},
{    83,  -594,},
};
{
{  -678,    -6,},
{   -62,     3,},
};
{
{  -232,   260,  -273,   582,  -707,  -249,   114,  -299,   -41,   121,  -485,     3,},
{    10,   160,  -491,   -87,    53,   -25,   160,  -197,   163,  -183,  -523,  -156,},
{  -133,  -875,  -795,  -325,    25,  -494,   -44,  -547,  -497,  -567,    96,  -183,},
{  -165,   436,  -907,    97,  -276,  -273,  -140,  -205,    -5,  -401, -1099,   -59,},
{  -224,   575,  -485,    56,  -283,  -683,  -220,  -428,  -240,  -221,   -27,   -21,},
{   127,  -492,  -367,  -125,   130,   199,  -392,  -160,  -236,  -230,   304,  -413,},
{   202,  -406,  -890,   209,   255,  -265,    94,  -549,  -672,  -128,   -63,  -196,},
{    52,  -411,  -157,  -282,   297,  -567,  -121,  -170,   -31,   242,   -56,    -7,},
{   -78,   109,  -236,    55,  -127,    45,   -78,  -661,   -64,  -252,  -196,  -208,},
{  -186,  -484,   297,  -226,  -243,  -326,  -337,  -430,    75,    80,  -780,  -523,},
{  -234,  -396,   -26,   -37,    -7,  -212,   272,   170,  -528,  -496,  -383,  -329,},
{  -101,  -212,   338,    57,  -477,  -475,  -355,  -497,  -571,   -60,   -65,   165,},
};
{
{  -160,   445,},
{    98,   -34,},
};
{
{  -342,  -224,   -95,   389,   245,    12,  -246,  -166,  -716,  -331,   -81,   -83,},
{   177,   202,   193,  -122,    54,   183,   -31,    43,    34,  -330,   131,  -153,},
{  -449,  -414,  -155,  -151,    17,  -258,  -200,  -371,  -253,    64,   -10,    14,},
{   300,   103,    80,    78,   107,    62,  -241,    75,   165,    30,   162,   -14,},
{  -766,  -353,  -443,  -206,  -127,  -200,   -55,  -264,   100,  -107,   -99,  -328,},
{   -98,   -14,   198,  -206,  -286,   -17,     9,   219,  -747,    10,   130,   -79,},
{  -176,    14,   -84,  -137,   -53,  -231,  -279,    51,    68,   275,   110,   -46,},
{  -571,    62,   -66,   -21,   153,    -4,   113,  -202,  -372,    97,  -220,   -41,},
{  -273,    29,  -212,   106,   -59,   111,   132,  -354,   -68,   -17,  -303,  -173,},
{  -425,  -370,    99,  -102,   170,  -307,  -343,  -253,  -165,  -516,  -232,   174,},
{  -493,   171,   234,  -144,   -37,   247,  -147,    15,  -221,  -221,   192,  -255,},
{  -378,    65,   240,  -195,   283,  -123,  -120,   184,  -501,   191,  -345,   223,},
};
jedinec UID 7801 finalERR=0 I2=0 I3=0
jedinec UID 7801 finalERR=0.000000 I2=0.000000 I3=0.000000 
{
{   358,   111,  -110,  -176,   299,   193,   -48,  -424,   101,   212,    88,   -76,},
{  -156,   -66,  -196,  -216,  -235,  -406,   -44,   -36,   146,   -33, -1098,  -322,},
{   183,   248,  -357,  -177,   202,  -112,   185,  -606,    47,   -60,   -16,     8,},
{  -129,   196,    40,    33,  -116,   -12,   178,  -167,   -34,    69,  -386,     7,},
{  -239,   -77,   208,   201,    90,    62,    54,   -76,    31,  -127,  -222,  -218,},
{  -173,   -67,   448,     3,  -162,  -205,   -44,   -47,    22,   -84,  -489,   235,},
};
{
{  -317,   827,},
{    49,    73,},
{  -390,  -515,},
{   167,   203,},
{   132,   535,},
{  -129,    10,},
{  -232,    48,},
{  -206,  -190,},
{   251,   553,},
{  -533,   -24,},
{  -253,  -304,},
{    83,  -594,},
};
{
{  -678,    -6,},
{   -62,     3,},
};
{
{  -232,   260,  -273,   582,  -707,  -249,   114,  -299,   -41,   121,  -485,     3,},
{    10,   416,  -491,  -238,    53,   -25,   160,  -197,   163,  -183,  -523,  -156,},
{  -133,  -875,  -849,  -325,    25,  -494,   -44,  -547,  -497,  -567,    96,  -183,},
{  -165,   436,  -907,    97,  -276,  -273,  -140,  -205,   234,  -401, -1099,   -59,},
{  -304,   575,  -485,    56,  -283,  -683,  -220,  -428,  -240,  -221,   -27,   -21,},
{   127,  -492,  -367,  -125,   130,   199,  -392,  -160,  -236,  -230,   304,  -413,},
{   202,  -406,  -890,   209,   255,  -265,    94,  -641,  -672,  -128,   -63,  -196,},
{    52,  -411,  -157,  -282,   297,  -567,  -121,  -170,    12,   204,   -56,    -7,},
{   -78,   109,  -236,    55,  -127,    45,   -78,  -661,   -64,  -252,  -196,  -208,},
{  -186,  -484,   297,  -226,  -243,  -326,  -337,  -430,    75,    80,  -780,  -523,},
{  -234,  -396,   -26,   -44,    -7,  -212,   272,   170,  -528,  -496,  -383,  -329,},
{  -101,  -212,   260,    57,  -477,  -475,  -355,  -497,  -571,   -60,   -65,   379,},
};
{
{  -160,   337,},
{    98,   -34,},
};
{
{  -342,  -224,   -95,   389,   245,    12,  -246,  -166,  -689,  -331,   -81,   -83,},
{   177,   202,   193,  -133,    54,   183,   -31,    43,    34,  -330,   131,  -153,},
{  -567,  -414,  -155,  -151,    17,  -258,  -200,  -371,  -253,  -146,   -10,    90,},
{   300,   103,    80,    78,   107,    62,  -241,    51,   165,    30,   162,   -14,},
{  -766,  -353,  -443,  -206,  -127,  -200,   -55,  -264,   262,  -107,   -99,  -328,},
{   -98,   -14,   198,  -206,  -286,   -17,     9,   219,  -747,    10,   130,   -79,},
{  -176,    14,   -84,  -137,   -53,  -231,  -279,    51,    68,   275,   110,   -46,},
{  -571,    62,   -66,   -21,   153,    -4,   260,  -202,  -372,    97,  -220,   -71,},
{  -273,    29,  -212,   106,   -59,   111,   132,  -354,   -68,   -17,  -303,  -173,},
{  -425,  -370,    99,  -102,   170,  -307,  -343,  -253,  -165,  -516,  -232,   174,},
{  -493,   171,   234,  -144,   -37,   247,  -147,    15,  -221,  -221,   192,  -255,},
{  -378,    65,   240,  -195,   283,  -123,  -120,   184,  -501,   191,  -345,   223,},
};
jedinec UID 8675 finalERR=0 I2=0 I3=0
jedinec UID 8675 finalERR=0.000000 I2=0.000000 I3=0.000000 
{
{   358,   111,  -110,  -176,   299,   193,   -48,  -424,   101,   212,    88,   -76,},
{  -156,   -66,  -196,  -216,  -235,  -406,   -44,   -36,   146,   -33, -1098,  -322,},
{   183,   248,  -406,  -177,   202,  -112,   185,  -606,    47,   -60,   -16,     8,},
{  -129,   196,    40,    33,  -116,   -12,   178,  -221,   -34,    69,  -193,     7,},
{  -239,   -77,    96,   201,    90,    62,    54,   -42,    62,  -127,  -222,  -218,},
{  -173,   -67,   448,     3,  -162,  -205,   -44,   -47,    22,   -84,  -489,   235,},
};
{
{  -317,   827,},
{    49,    73,},
{  -390,  -515,},
{   167,   203,},
{   132,   535,},
{  -129,    10,},
{  -232,    48,},
{  -206,  -190,},
{   377,   553,},
{  -533,   -24,},
{  -253,  -304,},
{    83,  -594,},
};
{
{  -792,    -6,},
{   -62,     3,},
};
{
{  -232,   260,  -273,   655,  -707,  -249,   114,  -299,   -41,   121,  -485,     3,},
{    10,   416,  -491,   -74,    53,   -25,   160,  -197,   163,  -183,  -571,  -156,},
{  -133,  -875,  -595,  -325,  -216,  -494,  -280,  -547,  -497,  -567,    96,  -183,},
{  -165,   436, -1182,    23,  -276,  -273,  -140,  -208,   234,  -401, -1084,   -59,},
{  -304,   575,  -513,    56,  -283,  -683,  -311,  -428,  -240,  -221,   -27,   -21,},
{   120,  -492,  -367,  -234,   130,   199,  -392,  -160,  -236,  -230,   304,  -413,},
{   202,  -406,  -941,   209,   255,  -265,    94,  -641,  -672,  -128,  -104,  -196,},
{    52,  -411,  -157,  -282,   297,  -567,  -209,  -170,    12,   204,   -56,    -7,},
{   -78,   109,  -236,    55,  -127,    45,   -78,  -661,   -64,  -252,  -138,  -208,},
{  -186,  -484,   297,  -226,     7,  -326,  -337,  -430,    75,    80,  -780,  -602,},
{  -234,  -396,   -26,   -44,    -7,  -212,   272,   154,  -528,  -496,  -129,  -329,},
{  -101,  -212,   260,    57,  -477,  -475,  -355,  -497,  -571,   -60,   -65,   379,},
};
{
{  -160,   337,},
{    98,   -34,},
};
{
{  -342,  -224,   -95,   389,   245,    12,  -246,  -166,  -689,  -331,   -81,   -83,},
{   177,   202,   193,  -133,    54,   183,   -31,    43,    34,  -330,   131,  -153,},
{  -567,  -414,  -155,   -88,    17,  -258,  -200,  -371,  -253,  -146,   -10,    90,},
{   300,   103,    80,    78,   107,    62,  -241,    51,   165,  -101,   162,   -14,},
{  -766,  -353,  -443,  -206,  -127,  -200,   -55,  -264,   262,  -133,   -99,  -328,},
{  -236,   -14,   198,  -206,  -286,   -17,     9,   219,  -747,    10,   130,   -79,},
{  -176,    14,   -84,   -70,   -53,  -231,  -279,    99,    68,   275,   110,  -103,},
{  -571,    62,   -66,   -21,   153,    -4,   260,  -202,  -415,    97,  -220,   -71,},
{  -410,    29,  -212,   106,   -59,   111,   132,  -354,  -320,     4,  -303,  -173,},
{  -425,  -370,    99,  -102,   170,  -307,  -343,  -253,  -165,  -705,  -238,   174,},
{  -493,   171,   234,  -144,   -37,   247,  -147,    15,  -221,  -221,   192,  -255,},
{  -378,    65,   240,  -195,   283,  -123,  -120,   184,  -501,   191,  -345,   223,},
};
jedinec UID 6116 finalERR=0 I2=0 I3=0
jedinec UID 6116 finalERR=0.000000 I2=0.000000 I3=0.000000 
{
{   358,   111,  -110,  -119,   299,   193,   -48,  -424,   101,   212,     6,   -76,},
{  -156,   -66,  -196,  -216,  -235,  -406,   -44,   -36,   146,   -33, -1098,  -322,},
{   183,   248,  -406,  -177,   202,  -112,   185,  -606,    47,   -60,   -16,     8,},
{  -129,   196,    40,    33,  -116,   -12,   178,  -221,   -34,    69,  -193,     7,},
{  -239,   -77,    96,   142,    90,    62,    54,   -42,    62,  -127,  -222,  -218,},
{  -173,   -67,   448,     3,  -162,  -205,   -44,   -47,    22,   -84,  -489,   235,},
};
{
{  -308,  1056,},
{    49,    73,},
{  -585,  -677,},
{   167,   203,},
{   132,   535,},
{  -129,    10,},
{  -232,    48,},
{  -206,  -231,},
{   371,   718,},
{  -533,  -220,},
{  -253,  -304,},
{    83,  -594,},
};
{
{  -991,    -6,},
{   -62,     3,},
};
{
{  -232,   260,  -273,   588,  -707,  -249,   311,  -299,   -41,   121,  -315,     3,},
{    10,   416,  -594,   -74,   -35,   -25,   160,  -197,   163,  -183,  -708,  -156,},
{  -133,  -875,  -595,  -325,  -216,  -494,  -280,  -547,  -497,  -567,    96,  -183,},
{  -165,   436, -1182,    23,  -276,  -273,  -140,  -208,   234,  -401, -1230,    28,},
{  -304,   575,  -513,    56,  -283,  -683,  -311,  -428,  -240,  -221,   -27,   -21,},
{   120,  -492,  -834,   -42,   130,   199,  -392,  -160,  -236,  -230,   304,  -413,},
{   202,  -406,  -941,   209,   255,  -265,    26,  -641,  -672,  -128,  -235,  -196,},
{    52,  -411,  -157,  -282,   297,  -567,  -209,  -170,    12,   204,   -56,    -7,},
{   -78,   109,  -236,    55,  -127,    45,   -78,  -661,   -64,  -252,  -138,  -208,},
{  -186,  -484,   375,  -178,     7,  -326,  -337,  -430,    75,    80,  -780,  -602,},
{  -234,  -396,   -26,   -44,    -7,  -212,   272,   154,  -528,  -496,  -129,  -329,},
{  -101,  -212,   260,    57,  -580,  -475,  -507,  -497,  -571,   -60,   -65,   379,},
};
{
{  -160,   375,},
{    98,   -34,},
};
{
{  -342,  -224,   -95,   389,   245,    12,  -246,  -166,  -689,  -331,   -81,   -83,},
{   177,   202,   233,  -133,    54,   183,   -31,    43,    34,  -330,   131,  -153,},
{  -567,  -414,  -155,   -88,    17,  -454,  -200,  -371,  -293,  -146,   -10,    90,},
{   300,   103,    80,    78,   107,    62,  -241,    -2,    94,  -101,   162,   -14,},
{  -766,  -353,  -443,  -206,   -49,  -201,   -55,  -264,    19,  -133,   -99,  -328,},
{  -236,   -14,   198,  -206,  -378,   -22,     9,   219,  -747,    10,   130,   -79,},
{  -382,    14,   -84,   -70,   -53,  -231,  -279,    99,    68,   275,   110,  -103,},
{  -571,    62,   -66,   -21,   153,    -4,   260,  -202,  -415,    74,  -220,   -71,},
{  -410,    29,  -212,   106,   -59,   111,   132,  -354,  -199,     4,  -303,  -173,},
{  -425,  -370,    81,  -102,   170,  -307,  -343,  -208,  -165,  -705,  -366,   174,},
{  -493,   171,   234,  -144,   -37,   247,  -147,    15,  -221,  -221,   132,  -255,},
{  -378,    65,   240,  -195,   283,  -123,  -120,   184,  -255,   106,  -345,   164,},
};
jedinec UID 7130 finalERR=0 I2=0 I3=0
jedinec UID 7130 finalERR=0.000000 I2=0.000000 I3=0.000000 
{
{   358,   111,  -110,  -119,   299,   193,   -48,  -424,    17,   212,   133,   -76,},
{  -156,   -71,  -196,  -216,  -235,  -406,   -47,  -181,   146,   -33, -1098,  -322,},
{   183,   248,  -406,  -177,   202,  -132,   185,  -606,    47,   -60,   -16,     8,},
{  -121,   196,    40,   211,  -116,     9,   178,  -408,   -34,    69,  -165,     7,},
{  -239,   -77,    96,   186,    90,    62,    54,  -446,    62,  -127,  -222,  -218,},
{  -173,   -67,   448,     3,  -162,  -205,   -44,   -47,    22,   -84,  -489,   235,},
};
{
{  -308,  1056,},
{    49,    73,},
{  -585,  -724,},
{   167,    28,},
{   132,   544,},
{  -129,    10,},
{  -232,   -25,},
{  -206,  -231,},
{   371,   791,},
{  -533,  -392,},
{  -253,  -304,},
{    83,  -594,},
};
{
{  -992,    -6,},
{   -62,   -42,},
};
{
{  -205,   260,  -273,   588,  -707,  -249,   311,  -299,   -41,   237,  -315,     3,},
{    10,   416,  -651,    90,   -35,   -25,   160,   -67,   163,  -183,  -708,  -156,},
{  -133,  -875,  -595,  -325,  -216,  -494,  -280,  -414,  -497,  -567,    96,  -183,},
{  -172,   436, -1182,    23,  -276,  -273,  -264,  -325,   234,  -285, -1225,    28,},
{  -304,   575,  -513,    56,  -283,  -792,  -311,  -601,  -240,  -221,   -27,     6,},
{   120,  -496,  -889,   -42,   130,   232,  -392,  -160,  -236,  -230,   304,  -413,},
{   202,  -406,  -941,   209,   255,  -265,    26,  -641,  -672,  -128,  -235,  -196,},
{    52,  -411,  -157,  -282,   297,  -567,  -209,  -189,    12,   204,   -56,   -32,},
{   -78,   143,  -236,  -242,  -127,    45,   -78,  -661,   -64,  -252,  -138,  -208,},
{  -186,  -484,   375,  -178,     0,  -370,  -337,  -430,    75,    80,  -996,  -602,},
{  -234,  -396,   -80,   -44,    -7,  -278,   272,   154,  -528,  -597,  -251,  -329,},
{  -101,  -212,   260,   169,  -580,  -475,  -507,  -497,  -571,   -60,   -65,   379,},
};
{
{  -160,   520,},
{    98,    62,},
};
{
{  -342,   -85,   -95,   389,   245,    12,  -246,  -166,  -689,  -331,   -81,   -83,},
{   177,   202,   441,  -133,    52,   183,   -31,    43,    34,  -330,   131,  -153,},
{  -573,  -414,  -155,   -88,    17,  -454,  -200,  -371,  -293,  -146,   -10,    90,},
{    15,   103,    80,    78,   107,    62,  -241,    -2,    94,  -101,   162,   -14,},
{  -766,  -353,  -443,  -206,   -49,  -201,   -55,  -264,  -180,  -133,   -99,  -328,},
{  -236,   -14,   198,  -206,  -378,   -22,     9,   213,  -747,    10,   130,   -79,},
{  -382,    14,   -84,   -70,   -53,  -231,  -279,    99,    68,   275,    96,  -103,},
{  -571,   159,   -66,   -21,   153,    -4,   260,  -202,  -415,    37,  -220,   -54,},
{  -410,    29,  -212,   106,   -59,   111,   132,  -354,  -199,  -116,  -303,  -173,},
{  -425,  -418,   268,  -102,   170,  -307,  -343,  -208,  -165,  -705,  -366,   174,},
{  -566,   -15,   234,  -144,   -37,   247,  -147,    15,  -221,  -221,   132,  -255,},
{  -378,    65,   240,  -195,   283,  -123,  -120,   184,  -255,   106,  -345,   164,},
};
jedinec UID 8640 finalERR=0 I2=0 I3=0
jedinec UID 8640 finalERR=0.000000 I2=0.000000 I3=0.000000 
{
{   358,   111,  -110,  -119,   299,   193,   -48,  -424,    17,   212,   133,   -76,},
{  -156,   -71,  -196,  -216,  -235,  -406,   -47,  -181,   146,   -33, -1104,  -322,},
{   183,   248,  -406,  -177,   202,  -132,   185,  -680,    47,   -60,   -16,     8,},
{  -121,   196,    40,   211,  -116,     9,   178,  -408,   -34,    69,  -165,     7,},
{  -239,   -77,    96,   186,    90,    62,    54,  -537,    62,  -127,  -222,  -218,},
{  -173,   -67,   448,     3,  -162,  -205,   -44,   -47,    22,   -84,  -621,   235,},
};
{
{  -308,  1056,},
{    49,    73,},
{  -585,  -724,},
{   167,    28,},
{   132,   544,},
{  -129,    10,},
{  -234,   -25,},
{  -206,  -231,},
{   371,   791,},
{  -533,  -392,},
{  -253,  -304,},
{    83,  -594,},
};
{
{  -992,    -6,},
{   -62,   -42,},
};
{
{  -205,   260,  -273,   588,  -707,  -315,   165,  -299,   -41,   237,  -315,     3,},
{    10,   416,  -651,    90,   -35,   -25,   160,   -67,   163,  -198,  -708,  -156,},
{  -133,  -875,  -595,  -512,  -216,  -494,  -280,  -414,  -497,  -567,    -1,  -237,},
{  -172,   436, -1182,    23,  -276,  -273,  -264,  -325,   234,  -285, -1225,    28,},
{  -304,   348,  -513,   151,  -283,  -792,  -311,  -601,  -240,  -221,   -27,     6,},
{   120,  -679,  -889,   -42,   112,   266,  -477,  -237,  -236,  -230,   304,  -413,},
{   202,  -406,  -886,   209,   255,  -265,    22,  -641,  -672,  -128,  -381,  -196,},
{    52,  -411,  -226,  -282,   297,  -567,  -209,  -229,    12,   204,   -56,   -32,},
{  -106,    87,  -236,  -242,  -127,    45,   -78,  -661,   -64,  -252,  -138,  -208,},
{  -301,  -484,   375,  -178,     0,  -370,  -430,  -676,   -54,    12,  -996,  -602,},
{  -234,  -396,   -80,   -44,    42,  -278,   272,   154,  -528,  -597,  -136,  -329,},
{  -101,  -159,   260,   169,  -580,  -246,  -507,  -497,  -800,  -292,  -213,   379,},
};
{
{  -160,   465,},
{    98,   127,},
};
{
{  -342,   -85,   -95,   389,   236,    12,  -246,  -166,  -887,  -331,   -81,   -83,},
{   177,   411,   441,  -133,    52,   183,   -31,    43,    34,  -330,   131,  -153,},
{  -573,  -414,  -155,   -88,    17,  -454,  -200,  -493,  -293,  -146,   -10,    90,},
{    15,   103,    80,    78,    50,    62,  -241,    -2,    94,  -101,   162,   -14,},
{  -768,  -353,  -443,  -206,   -76,  -201,   -55,  -264,  -180,  -156,   -99,  -328,},
{  -326,   -14,   198,  -206,  -378,   -22,     9,   213,  -720,    10,   130,   -79,},
{  -382,    14,   -84,   -70,   -53,  -231,  -279,    99,    68,    16,    96,  -103,},
{  -571,   159,   -66,   -21,   153,    -4,   260,  -202,  -415,    37,  -220,   -54,},
{  -410,    29,  -212,   106,   -59,   111,   132,  -354,  -199,  -116,  -303,  -146,},
{  -425,  -723,   268,  -102,   170,  -307,  -343,  -178,  -373,  -705,  -369,   174,},
{  -566,   -15,   234,  -144,   -37,   241,  -147,    15,  -221,  -221,   132,  -255,},
{  -378,    65,   240,  -117,   283,  -123,  -120,   184,  -255,    52,  -345,   164,},
};
jedinec UID 1732 finalERR=0 I2=0 I3=0
jedinec UID 1732 finalERR=0.000000 I2=0.000000 I3=0.000000 
{
{   358,   111,  -110,  -119,   299,   193,   -48,  -424,    17,   212,   133,   -76,},
{  -156,   -71,  -196,  -216,  -235,  -406,   -47,  -181,   146,   -33, -1104,  -322,},
{   183,   248,  -406,  -177,   202,  -132,   185,  -680,    47,   -60,   -16,     8,},
{  -121,   196,    40,   211,  -116,     9,   178,  -408,   -34,    69,  -165,     7,},
{  -239,   -77,    96,   186,    90,    62,    54,  -537,    85,  -127,  -222,  -218,},
{  -173,   -67,   448,     3,  -162,  -205,   -44,   -47,    22,   -84,  -621,   235,},
};
{
{  -308,  1056,},
{    49,    73,},
{  -585,  -724,},
{   167,    28,},
{   132,   544,},
{  -129,    10,},
{  -234,   -25,},
{  -206,  -231,},
{   371,   791,},
{  -533,  -392,},
{  -253,  -304,},
{    83,  -594,},
};
{
{  -992,    -6,},
{   -62,   -42,},
};
{
{  -205,   260,  -273,   588,  -707,  -315,   165,  -299,   -41,   237,  -315,     3,},
{    10,   416,  -651,    90,   -35,   -25,   160,   -67,   163,  -314,  -708,  -156,},
{  -133,  -875,  -595,  -512,  -216,  -494,  -280,  -414,  -497,  -567,    -1,  -237,},
{  -172,   436, -1182,    23,  -276,  -273,  -264,  -325,   234,  -285, -1225,    28,},
{  -304,   348,  -513,   151,  -283,  -792,  -311,  -601,  -240,  -221,   -27,     6,},
{   120,  -679,  -889,   -42,   112,   266,  -477,  -237,  -236,  -230,   304,  -413,},
{   202,  -406,  -886,   209,   504,  -265,    22,  -641,  -672,  -128,  -381,  -196,},
{    52,  -411,  -226,  -282,   297,  -567,  -209,  -229,    12,   204,   -62,   -32,},
{  -106,    87,  -292,  -242,  -127,    45,   -78,  -661,   -64,  -252,  -138,  -208,},
{  -301,  -484,   375,  -178,     0,  -370,  -430,  -676,   -54,    12,  -996,  -602,},
{  -234,  -396,   -80,   -44,    42,  -278,   272,   154,  -528,  -597,  -136,  -329,},
{  -101,  -159,   260,   169,  -580,  -246,  -507,  -497,  -800,  -292,  -213,   379,},
};
{
{  -160,   465,},
{    98,   127,},
};
{
{  -342,   -85,   -95,   389,   236,    12,  -246,  -166,  -887,  -331,   -81,   -83,},
{   177,   411,   441,  -133,    52,   183,   -31,    43,    34,  -330,   131,  -153,},
{  -573,  -414,  -155,   -88,    17,  -454,  -200,  -493,  -293,  -146,   -10,    90,},
{    15,   103,    80,    78,    50,    62,  -241,    -2,    94,  -101,   162,   -14,},
{  -768,  -353,  -443,  -206,   -76,  -201,   -55,  -264,  -180,  -156,   -99,  -357,},
{  -326,   -14,   198,  -206,  -234,   -22,     9,   213,  -720,    10,   130,   -79,},
{  -382,    14,   -84,   -70,   -53,  -231,  -279,    99,    68,    16,    96,  -225,},
{  -571,   159,   -66,   -21,   153,    -4,   260,  -202,  -415,    37,  -220,   -54,},
{  -410,    29,  -212,   106,   -59,   111,   132,  -354,  -199,  -116,  -303,  -146,},
{  -425,  -723,   268,  -102,   170,  -307,  -343,  -178,  -373,  -705,  -369,   174,},
{  -566,   -15,   234,  -144,   -37,   241,  -147,    15,  -221,  -221,   132,  -255,},
{  -378,    42,   240,  -117,   283,  -123,  -120,   184,  -255,    52,  -345,   164,},
};
jedinec UID 7979 finalERR=0 I2=0 I3=0
jedinec UID 7979 finalERR=0.000000 I2=0.000000 I3=0.000000 
{
{   358,   111,  -110,  -119,   299,   193,   -48,  -424,    17,   212,   133,   -76,},
{  -156,   -71,  -196,  -216,  -235,  -406,   -47,  -181,   146,   -33, -1104,  -322,},
{   183,   248,  -406,  -177,   202,  -132,   185,  -680,    47,   -60,   -16,     8,},
{  -121,   196,    40,   211,  -116,     9,   178,  -408,   -34,    69,  -165,     7,},
{  -239,   -77,    96,   186,    90,    62,    54,  -537,    85,  -127,  -222,  -218,},
{  -173,   -67,   448,     3,  -162,  -205,   -44,   -47,    22,   -84,  -621,   235,},
};
{
{  -308,  1056,},
{    49,    73,},
{  -585,  -724,},
{   167,    28,},
{   132,   544,},
{  -129,    10,},
{  -234,   -25,},
{  -206,  -231,},
{   371,   791,},
{  -533,  -392,},
{  -253,  -304,},
{    83,  -594,},
};
{
{  -992,    -6,},
{   -62,   -42,},
};
{
{  -205,   260,  -273,   588,  -707,  -315,   165,  -299,   -41,   237,  -421,     3,},
{    10,   416,  -651,    90,   -35,   -25,   160,   -67,   163,  -314,  -708,  -156,},
{  -133,  -875,  -595,  -512,  -216,  -494,  -280,  -414,  -497,  -567,    -1,  -237,},
{  -172,   436, -1182,    23,  -276,  -273,  -264,  -325,   234,  -285, -1225,    28,},
{  -304,   348,  -513,   151,  -283,  -792,  -311,  -601,  -240,  -221,   -27,     6,},
{   120,  -679,  -889,   -42,   112,   266,  -477,  -237,  -236,  -230,   304,  -413,},
{   202,  -406,  -886,   209,   504,  -265,    22,  -641,  -672,  -128,  -381,  -196,},
{    52,  -411,  -226,  -282,   297,  -567,  -209,  -229,    12,   204,   -62,   -32,},
{  -106,    87,  -292,  -242,  -127,    45,   -63,  -661,   -64,  -252,  -138,  -208,},
{  -301,  -484,   375,  -178,     0,  -370,  -586,  -676,   -54,    12,  -996,  -602,},
{  -234,  -396,   -80,   -44,    42,  -278,   272,   154,  -528,  -597,  -136,  -329,},
{  -101,  -159,   260,   169,  -580,  -246,  -507,  -497,  -800,  -292,  -213,   379,},
};
{
{  -160,   435,},
{    98,   127,},
};
{
{  -342,   -85,   -95,   389,   236,    12,  -246,  -166,  -887,  -331,   -81,   -83,},
{   177,   411,   441,  -133,    52,   183,   -31,    43,    34,  -330,   131,  -153,},
{  -573,  -414,  -155,   -88,    17,  -454,  -200,  -493,  -293,  -146,   -10,    90,},
{    15,   103,    80,    78,    50,    62,  -241,    -2,    94,  -101,   162,   -14,},
{  -768,  -353,  -443,  -206,   -76,  -201,   -55,  -264,  -180,  -156,   -99,  -357,},
{  -326,   -14,   198,  -206,  -234,   -22,     9,   213,  -720,    10,   130,   -79,},
{  -382,    14,   -84,   -70,   -53,  -231,  -279,    99,    68,    16,    96,  -225,},
{  -571,   159,   133,   -21,   153,    -4,   260,  -202,  -415,    37,  -220,   -54,},
{  -410,    29,  -212,   106,   -59,   111,   132,  -354,  -199,  -116,  -303,  -146,},
{  -425,  -723,   268,  -102,   170,  -307,  -343,  -178,  -373,  -705,  -369,   174,},
{  -566,   -15,   234,  -144,   -37,   241,  -147,    15,  -221,  -221,   132,  -255,},
{  -378,    42,   240,  -117,   283,  -123,  -120,   184,  -255,  -132,  -345,   164,},
};
jedinec UID 7779 finalERR=0 I2=0 I3=0
jedinec UID 7779 finalERR=0.000000 I2=0.000000 I3=0.000000 
{
{   358,   111,  -135,  -119,   299,   193,   -48,  -424,    17,   212,   133,   -76,},
{  -156,   -71,  -196,  -216,  -235,  -406,   -47,  -200,   146,   -33, -1168,  -322,},
{   183,   248,  -406,  -177,   202,  -132,   185,  -934,    47,   -60,   -16,     8,},
{  -121,   196,    40,   211,  -116,     9,   135,  -570,   -34,    69,  -165,     7,},
{  -239,   -77,    96,   186,    90,    62,    54,  -642,    85,  -127,  -180,  -218,},
{  -173,   -67,   448,     3,  -162,  -205,   -44,  -279,    22,   -84,  -621,   235,},
};
{
{  -333,  1056,},
{    49,    73,},
{  -585,  -724,},
{   167,    28,},
{   132,   544,},
{  -129,    10,},
{  -234,   -25,},
{  -206,  -231,},
{   371,   791,},
{  -526,  -392,},
{  -278,  -304,},
{    83,  -594,},
};
{
{  -992,    -6,},
{   -62,   -42,},
};
{
{  -205,   260,  -273,   568,  -707,  -230,   165,  -299,  -190,   237,  -470,     3,},
{    10,   416,  -651,    90,   -35,   -25,   160,   -67,   163,  -314,  -878,  -245,},
{  -133,  -875,  -595,  -512,  -263,  -494,  -280,  -414,  -497,  -567,    -1,  -130,},
{  -311,   436, -1182,   221,  -276,  -349,  -223,  -325,   234,  -285, -1225,    -5,},
{  -304,   348,  -570,   151,  -332,  -792,  -311,  -601,  -240,  -221,   -45,  -195,},
{   120,  -679,  -889,   -42,   112,   266,  -477,  -237,  -484,  -230,   304,  -413,},
{   176,  -406,  -886,    59,   504,  -265,    22,  -854,  -672,  -128,  -426,  -196,},
{    52,  -411,  -226,  -282,   335,  -567,  -209,  -229,    12,   204,  -221,   -32,},
{   -89,    87,  -292,  -242,  -284,   -20,  -185,  -661,   -64,  -252,  -138,  -208,},
{  -301,  -484,   375,  -178,     0,  -370,  -586,  -676,   -54,    12,  -996,  -602,},
{  -234,  -396,   -80,   -44,    42,  -278,   190,   154,  -528,  -597,  -136,  -329,},
{  -101,  -159,   260,   169,  -580,  -246,  -507,  -497,  -800,  -292,  -213,   379,},
};
{
{  -160,   446,},
{    98,   127,},
};
{
{  -576,   -85,   -95,   389,   236,    12,  -246,  -166,  -887,  -225,   -81,   -83,},
{   177,   411,   441,  -133,    52,   183,   -31,    43,    34,  -330,   131,  -153,},
{  -573,  -544,  -155,   -88,   -46,  -454,  -200,  -634,  -293,  -146,   -10,    88,},
{    15,   103,    80,    23,    50,    62,  -241,    -2,    94,  -101,   162,   -14,},
{  -768,  -353,  -443,  -206,   -76,  -201,   -55,  -458,  -180,  -156,   -99,  -357,},
{  -326,   -14,   198,  -206,  -234,   -22,     9,   197,  -720,    10,   130,   -79,},
{  -572,    14,   -84,   -70,   -53,  -231,  -279,    99,    68,   -18,    96,  -225,},
{  -571,   212,   101,   -21,   153,    -4,   260,  -202,  -472,   -19,  -220,   -54,},
{  -410,    29,  -212,   106,   -59,   111,   132,  -354,   -65,  -366,  -303,  -146,},
{  -425,  -723,   268,  -102,   170,  -307,  -343,  -178,  -373,  -705,  -369,   174,},
{  -566,   -56,   234,  -144,   -37,   241,  -147,    15,  -221,   -34,   132,  -255,},
{  -378,    16,   240,  -117,   283,  -123,  -120,   184,  -255,  -174,  -345,   164,},
};
jedinec UID 5645 finalERR=0 I2=0 I3=0
jedinec UID 5645 finalERR=0.000000 I2=0.000000 I3=0.000000 
{
{   358,   111,  -135,  -119,   299,   193,   -48,  -424,    17,   212,   133,   -76,},
{  -156,   -71,  -196,  -216,  -235,  -406,   -47,  -200,   146,   -33, -1168,  -322,},
{   183,   248,  -406,  -177,   202,  -132,   185,  -934,    47,   -60,   -16,     8,},
{  -121,   196,    40,   211,  -116,     9,   135,  -570,   -34,    69,  -165,     7,},
{  -239,   -77,    96,   186,    90,    62,    54,  -642,    85,  -127,  -180,  -218,},
{  -173,   -67,   474,     3,  -162,  -205,   -44,  -279,    22,   -84,  -621,   235,},
};
{
{  -333,  1056,},
{    49,    73,},
{  -585,  -724,},
{   167,    28,},
{   132,   544,},
{  -129,    10,},
{  -234,   -25,},
{  -206,  -231,},
{   371,   791,},
{  -526,  -392,},
{  -278,  -304,},
{    83,  -594,},
};
{
{  -992,    -6,},
{   -62,   -42,},
};
{
{  -205,   260,  -273,   568,  -707,  -230,   165,  -299,  -190,   237,  -470,     3,},
{    10,   416,  -651,    90,   -35,   -25,   160,   -67,   163,  -314,  -878,  -245,},
{  -133,  -875,  -595,  -512,  -263,  -494,  -280,  -414,  -497,  -567,    -1,  -130,},
{  -311,   436, -1182,   221,  -276,  -349,  -223,  -325,   234,  -285, -1225,    -5,},
{  -304,   348,  -731,   151,  -332,  -792,  -311,  -601,  -240,  -221,   -45,  -195,},
{   120,  -679,  -889,   -42,   112,   266,  -477,  -237,  -484,  -230,   304,  -413,},
{   176,  -406,  -886,    59,   504,  -265,    22,  -854,  -672,  -128,  -426,  -196,},
{    52,  -411,  -407,  -282,   335,  -567,  -209,  -229,    12,   196,  -221,   -32,},
{   -72,    87,  -429,  -242,  -284,   -20,  -185,  -661,   -64,  -252,  -138,  -208,},
{  -301,  -484,   375,  -178,     0,  -370,  -586,  -676,   -54,    12,  -996,  -602,},
{  -234,  -396,   -80,   -44,    42,  -278,   190,   154,  -528,  -597,  -136,  -329,},
{  -101,  -159,   260,   169,  -580,  -246,  -507,  -497,  -800,  -292,  -213,   379,},
};
{
{  -160,   446,},
{    98,   127,},
};
{
{  -576,   -85,   -95,   389,   236,    12,  -246,  -166,  -887,  -225,   -81,   -83,},
{   177,   411,   441,  -133,    52,   183,   -31,    43,    34,  -330,   131,  -153,},
{  -573,  -544,  -155,   -88,   -46,  -454,  -200,  -634,  -293,  -146,   -10,    88,},
{    15,   103,    80,    23,    50,    62,  -241,    -2,    94,  -101,   162,   -14,},
{  -768,  -353,  -443,  -206,   -76,  -201,   -55,  -458,  -180,  -156,   -99,  -357,},
{  -326,   -14,   198,  -206,  -234,   -22,     9,   197,  -720,    10,   130,   -79,},
{  -572,    14,   -84,   -70,  -153,  -231,  -279,    99,    68,   -18,    96,  -225,},
{  -571,   212,   101,   -21,   153,    -4,   260,  -202,  -472,   -19,  -220,   -54,},
{  -410,    29,  -212,   106,   -59,   111,   132,  -354,   -65,  -366,  -303,  -146,},
{  -425,  -723,   268,  -102,   170,  -307,  -343,  -178,  -373,  -705,  -369,   174,},
{  -566,   -56,   234,  -144,   -37,   241,  -147,    15,  -221,   -34,   132,  -255,},
{  -507,    16,   240,  -117,   283,  -123,  -120,   184,  -255,  -174,  -345,   164,},
};
jedinec UID 2379 finalERR=0 I2=0 I3=0
jedinec UID 2379 finalERR=0.000000 I2=0.000000 I3=0.000000 
{
{   358,   111,  -135,  -119,   299,   193,   -48,  -260,    17,   212,   133,   -76,},
{  -156,   -71,  -196,  -216,  -235,  -406,   -47,  -267,   146,   -33, -1168,  -322,},
{   183,   248,  -406,  -177,   202,  -132,   185,  -934,    47,   -60,   -16,     8,},
{  -121,   196,    40,   211,  -116,     9,   135,  -570,   -34,    69,  -165,     7,},
{  -239,   -77,    96,   186,    90,    62,    54,  -642,    85,  -127,  -180,  -218,},
{  -173,   -67,   474,     3,  -162,  -205,   -44,  -485,    22,   -84,  -621,   235,},
};
{
{  -333,  1056,},
{    49,    73,},
{  -585,  -724,},
{   167,    28,},
{   132,   544,},
{  -129,    10,},
{  -234,   -25,},
{  -206,  -231,},
{   371,   791,},
{  -526,  -392,},
{  -278,  -304,},
{    83,  -594,},
};
{
{  -992,    -6,},
{   -62,   -42,},
};
{
{  -205,   260,  -273,   568,  -707,  -230,   165,  -299,  -190,   237,  -470,     3,},
{    10,   416,  -651,    90,   -35,   -25,   160,   -67,   163,  -314,  -878,  -245,},
{  -133,  -875,  -595,  -512,  -263,  -494,  -280,  -414,  -497,  -567,    -1,  -130,},
{  -311,   436, -1182,   221,  -276,  -349,  -223,  -325,   234,  -285, -1225,    -5,},
{  -304,   348,  -731,   151,  -332,  -792,  -311,  -601,  -240,  -221,   -45,  -195,},
{    20,  -679,  -889,   -42,   112,   266,  -477,  -237,  -484,  -230,   304,  -413,},
{   176,  -406, -1005,    59,   504,  -265,    22,  -854,  -672,  -128,  -426,  -196,},
{    52,  -411,  -407,  -282,   335,  -567,  -209,  -229,    12,   196,  -221,   -32,},
{   -72,    87,  -429,  -242,  -284,   -20,  -185,  -661,   -64,  -252,  -138,  -208,},
{  -301,  -484,   375,  -178,   -15,  -370,  -586,  -676,   -54,    12,  -996,  -602,},
{  -234,  -396,    16,   -44,    42,  -278,   190,   102,  -528,  -597,  -136,  -329,},
{  -101,  -159,   260,   169,  -580,  -246,  -507,  -497,  -800,  -292,  -213,   379,},
};
{
{  -160,   446,},
{    98,   127,},
};
{
{  -576,   -85,   -95,   389,   236,    12,  -246,  -166,  -887,  -225,   -81,   -83,},
{   177,   411,   441,  -133,    52,   183,   -31,    43,    34,  -330,   131,  -153,},
{  -573,  -544,  -155,   -88,   -46,  -454,  -200,  -634,  -293,  -146,   -10,    88,},
{    15,   103,    80,    23,    50,    62,  -241,    -2,    94,  -101,   162,   -14,},
{  -768,  -353,  -443,  -206,   -76,  -201,   -55,  -458,  -180,  -156,   -99,  -357,},
{  -326,   -14,   198,  -206,  -234,   -22,     9,   197,  -720,    10,   130,   -79,},
{  -572,    14,   -84,   -70,  -153,  -231,  -279,    99,    68,   -18,    96,  -225,},
{  -571,   212,   101,   -21,   153,    -4,   260,  -202,  -472,   -19,  -220,   -54,},
{  -427,    29,  -212,   106,   -59,   111,   132,  -354,   -65,  -366,  -303,  -146,},
{  -425,  -723,   268,  -102,   170,  -307,  -343,  -178,  -373,  -705,  -369,   174,},
{  -566,   -56,   234,  -144,   -37,   241,  -147,    15,  -221,   -34,   132,  -255,},
{  -507,    16,   240,  -117,   283,  -123,  -120,   184,  -255,  -174,  -345,   164,},
};
jedinec UID 3485 finalERR=0 I2=0 I3=0
jedinec UID 3485 finalERR=0.000000 I2=0.000000 I3=0.000000 
{
{   358,   111,  -156,  -119,   299,   193,   -48,  -456,    17,   212,   132,   -76,},
{  -156,   -71,  -196,  -216,  -235,  -266,   -47,  -267,   169,   -33, -1392,  -322,},
{   183,   248,  -406,  -177,   202,  -297,   185, -1128,    47,   -60,   -35,     8,},
{  -121,   196,    40,   202,  -116,     9,   135,  -631,   -34,    69,  -165,     7,},
{  -239,   -77,    96,   186,    90,    62,    54,  -642,    85,  -127,  -198,  -218,},
{  -173,   -67,   644,     3,  -162,  -205,   -44,  -444,    22,   -84,  -601,   235,},
};
{
{  -333,  1056,},
{    49,    73,},
{  -587,  -724,},
{   167,    28,},
{   174,   544,},
{  -129,    10,},
{  -216,   -25,},
{  -206,  -231,},
{   371,   791,},
{  -526,  -392,},
{  -278,  -304,},
{    83,  -594,},
};
{
{  -992,    -6,},
{   -66,   -42,},
};
{
{  -205,   260,  -235,   340,  -707,  -230,   165,  -299,  -266,   237,  -470,     3,},
{    10,   416,  -651,    90,   -87,    55,    28,  -131,   295,  -314,  -950,  -245,},
{  -133,  -875,  -733,  -606,  -371,  -494,   -85,  -346,  -497,  -567,   -22,  -130,},
{  -311,   436, -1321,   221,  -276,  -349,  -188,  -289,   234,  -285, -1282,    -5,},
{  -304,   348,  -731,   151,  -332, -1019,  -402,  -601,  -240,  -221,   -45,  -195,},
{    20,  -679,  -889,    85,   112,   266,  -477,  -301,  -484,  -230,   408,  -413,},
{   176,  -406, -1005,   194,   575,  -265,    22,  -810,  -720,  -128,  -550,  -196,},
{    52,  -411,  -407,  -282,   335,  -451,  -209,  -294,    12,   196,  -599,   -32,},
{   -72,    87,  -454,  -242,  -284,  -235,  -185,  -684,   -64,  -252,  -432,  -208,},
{  -301,  -484,   218,   -92,   -56,  -370,  -437,  -633,  -188,    12,  -996,  -602,},
{  -234,  -396,    37,    18,    42,  -723,    33,   178,  -529,  -597,   -21,  -329,},
{  -101,  -159,   140,   155,  -580,  -347,  -559,  -497,  -700,  -292,  -213,   379,},
};
{
{  -160,   446,},
{    98,   127,},
};
{
{  -576,   -90,   -95,   389,   236,    12,  -246,  -166,  -887,  -301,   -81,   -83,},
{   177,   380,   441,  -133,    52,   183,   -31,    43,    34,  -330,   131,  -153,},
{  -598,  -323,  -155,    64,  -277,  -454,  -200,  -676,  -360,  -141,   -10,    88,},
{    15,   103,    80,    23,    50,    62,  -241,    -2,    94,  -101,   162,   -14,},
{  -768,  -323,  -443,  -206,  -121,  -201,  -101,  -458,  -180,  -377,   -99,  -357,},
{  -474,   -14,   198,  -252,  -234,   -22,     9,   197,  -720,    10,   130,   -79,},
{  -590,    14,   -84,   -70,  -153,  -231,  -279,   148,    68,   -18,    96,  -225,},
{  -571,     7,   101,   -21,    53,    -4,   260,  -202,  -472,   -19,  -220,   -54,},
{  -427,    29,  -212,   106,   -59,   111,   132,  -354,  -198,  -512,  -347,  -146,},
{  -425,  -723,   268,  -102,   170,  -307,  -343,  -178,  -388,  -800,  -369,   174,},
{  -566,   -56,   234,  -144,   -39,   241,  -147,   268,  -221,  -311,   132,  -255,},
{  -507,    16,   240,  -117,   506,  -123,  -120,   184,  -255,  -174,  -345,    58,},
};
jedinec UID 2423 finalERR=0 I2=0 I3=0
jedinec UID 2423 finalERR=0.000000 I2=0.000000 I3=0.000000 
{
{   358,   111,  -156,  -119,   299,   193,   -48,  -456,    17,   212,   132,   -76,},
{  -156,   -71,  -196,  -216,  -235,  -266,   -47,  -267,   169,   -33, -1392,  -322,},
{   183,   248,  -406,  -177,   202,  -297,   185, -1128,    47,   -60,   -35,     8,},
{  -121,   196,    40,   202,  -116,     9,   135,  -631,   -34,    69,  -165,     7,},
{  -239,   -77,    96,   186,    90,    62,    54,  -642,    85,  -127,  -198,  -218,},
{  -173,   -67,   644,     3,  -162,  -205,   -44,  -444,    22,   -84,  -601,   235,},
};
{
{  -333,  1056,},
{    49,    73,},
{  -587,  -724,},
{   167,    28,},
{   174,   544,},
{  -129,    10,},
{  -216,   -25,},
{  -206,  -231,},
{   371,   791,},
{  -526,  -392,},
{  -278,  -304,},
{    83,  -594,},
};
{
{  -992,    -6,},
{   -66,   -42,},
};
{
{  -205,   260,  -235,   340,  -707,  -230,   165,  -299,  -266,   237,  -470,     3,},
{    10,   416,  -651,    90,   -87,    55,    28,  -131,   295,  -314,  -950,  -245,},
{  -133,  -875,  -733,  -606,  -371,  -494,   -85,  -346,  -497,  -567,   -22,  -130,},
{  -311,   436, -1321,   221,  -276,  -349,  -188,  -289,   234,  -285, -1282,    -5,},
{  -304,   348,  -731,   151,  -332, -1019,  -402,  -601,  -240,  -221,   -45,  -195,},
{    20,  -679,  -889,    85,   112,   266,  -477,  -301,  -484,  -230,   408,  -413,},
{   176,  -406, -1005,   194,   575,  -265,    22,  -810,  -720,  -128,  -550,  -196,},
{    52,  -411,  -407,  -282,   335,  -451,  -209,  -294,    12,   196,  -599,   -32,},
{   -72,    87,  -454,  -242,  -284,  -235,  -185,  -684,   -64,  -252,  -432,  -208,},
{  -301,  -484,   218,   -92,   -56,  -370,  -437,  -633,  -266,    12,  -996,  -602,},
{  -234,  -396,    37,    18,    42,  -723,    33,   178,  -529,  -597,   -21,  -329,},
{  -101,  -159,   140,   155,  -580,  -347,  -559,  -497,  -700,  -292,  -213,   379,},
};
{
{  -160,   446,},
{    98,   127,},
};
{
{  -576,   -90,   -95,   389,   236,    12,  -246,  -166,  -887,  -301,   -81,   -83,},
{   177,   380,   441,  -133,    52,   183,   -31,    43,    34,  -330,   131,  -153,},
{  -598,  -323,  -155,    64,  -277,  -454,  -200,  -676,  -360,  -141,   -10,    88,},
{    15,   103,    80,    23,    50,    62,  -241,    -2,    94,  -101,   162,   -14,},
{  -768,  -323,  -443,  -206,  -121,  -201,  -101,  -458,  -180,  -377,   -99,  -357,},
{  -474,   -14,   198,  -252,  -234,   -22,     9,   197,  -720,    10,   130,   -79,},
{  -590,    14,   -84,   -70,  -153,  -231,  -279,   148,    68,   -18,    96,  -225,},
{  -571,     7,   101,   -21,    53,    -4,   260,  -202,  -472,   -19,  -220,   -54,},
{  -427,    29,  -212,   106,   -59,   111,   132,  -354,  -198,  -512,  -347,  -146,},
{  -425,  -723,   268,  -102,   170,  -307,  -343,  -178,  -388,  -800,  -369,   174,},
{  -566,   -56,   234,  -144,   -39,   241,  -147,   268,  -221,  -311,   132,  -255,},
{  -507,    16,   240,  -117,   506,  -123,  -120,   184,  -255,  -174,  -345,    58,},
};
jedinec UID 4734 finalERR=0 I2=0 I3=0
jedinec UID 4734 finalERR=0.000000 I2=0.000000 I3=0.000000 
{
{   358,   111,  -156,  -119,   299,   193,   -48,  -359,    42,   212,   132,   -76,},
{  -156,   -71,  -196,  -226,  -235,  -266,   -47,  -267,   169,   -33, -1392,  -322,},
{   183,   248,  -406,  -177,   202,  -297,   185, -1128,    47,   -60,   -35,     8,},
{  -121,   196,    40,   202,  -116,     9,   135,  -831,   -34,    69,  -165,     7,},
{  -239,   -77,    96,   186,    90,    62,    54,  -504,    85,  -127,  -113,  -228,},
{  -173,   -67,   644,     3,  -162,  -205,   -44,  -444,    22,   -84,  -601,   235,},
};
{
{  -333,  1056,},
{    49,    73,},
{  -587,  -724,},
{   167,    28,},
{   174,   544,},
{  -129,    10,},
{  -216,   -25,},
{  -206,  -231,},
{   371,   791,},
{  -526,  -392,},
{  -278,  -304,},
{    83,  -594,},
};
{
{  -992,    -6,},
{   -66,   -42,},
};
{
{  -205,   260,  -235,   340,  -707,  -230,   165,  -538,  -266,   237,  -712,     3,},
{    10,   416,  -789,    90,   -87,    55,    42,  -131,   295,  -314,  -725,  -245,},
{  -133,  -875,  -733,  -606,  -371,  -253,   -85,  -201,  -263,  -567,   -22,  -130,},
{  -311,   436, -1321,   221,  -276,  -569,  -188,  -289,   103,  -285, -1282,    -5,},
{  -304,   348,  -731,   347,  -332, -1019,  -402,  -601,  -240,  -221,   -45,  -195,},
{    20,  -679,  -889,    85,   112,   266,  -477,  -301,  -484,  -230,   408,  -413,},
{   176,  -406, -1005,   194,   575,  -265,   -83,  -810,  -720,  -143,  -663,  -196,},
{    52,  -411,  -407,  -498,   335,  -639,  -209,  -294,    12,   196,  -758,   -32,},
{   -72,    87,  -335,  -496,  -284,  -235,  -185,  -445,   -64,  -252,  -432,  -208,},
{  -301,  -484,   218,   -92,   -56,  -370,  -384,  -633,  -266,   -61,  -865,  -602,},
{  -234,  -396,    37,    18,    42,  -723,    33,   178,  -529,  -597,   -21,  -565,},
{  -101,  -159,   140,    80,  -580,  -544,  -559,  -497,  -700,  -292,  -460,   379,},
};
{
{  -160,   446,},
{    98,   127,},
};
{
{  -576,  -197,   -95,   389,   236,    12,  -246,  -166, -1055,  -301,   -81,   -83,},
{   177,   380,   441,  -133,    52,   183,   -31,    43,    34,  -330,   131,  -248,},
{  -598,  -323,  -155,    64,  -277,  -454,  -200,  -676,  -337,  -141,   -10,    88,},
{    15,   103,    80,    23,    50,    62,  -241,    -2,    94,  -101,   162,   -14,},
{  -768,  -323,  -443,  -206,  -121,  -201,  -138,  -458,  -180,  -377,   -99,  -388,},
{  -474,   -14,   198,  -252,  -234,   -22,     9,   196,  -720,   -59,   130,   -79,},
{  -590,    14,   -84,   -70,  -153,  -231,  -279,   148,    77,   -18,    96,  -225,},
{  -571,  -212,   101,   -21,    53,    -4,   260,  -202,  -472,  -162,  -220,   -54,},
{  -427,    42,  -212,   106,   -59,   111,    58,  -354,  -198,  -512,  -347,  -146,},
{  -425,  -723,   268,  -102,   170,  -307,  -343,  -278,  -403,  -800,  -369,   174,},
{  -566,   -56,   234,  -144,   -39,   241,  -147,   268,  -221,  -311,   132,  -255,},
{  -507,  -277,   240,  -117,   609,  -123,  -120,   184,  -255,  -174,  -345,    58,},
};
jedinec UID 298 finalERR=0 I2=0 I3=0
jedinec UID 298 finalERR=0.000000 I2=0.000000 I3=0.000000 
{
{   358,   111,  -156,  -119,   299,   193,   -48,  -608,    42,   212,   132,   -76,},
{  -156,   -71,  -196,  -226,  -235,  -266,   -47,  -267,   128,   -33, -1392,  -322,},
{   183,   248,  -406,  -177,   202,  -297,   185, -1128,    47,   -60,   -35,     8,},
{  -121,   196,    40,   202,  -116,     9,   135,  -831,   -34,    69,  -165,     7,},
{  -239,   -77,    96,   186,    90,    62,    54,  -504,    85,  -127,  -113,  -228,},
{  -173,   -67,   644,     3,  -162,  -205,   -44,  -444,    22,   -84,  -601,   235,},
};
{
{  -333,  1056,},
{    49,    73,},
{  -587,  -724,},
{   167,    28,},
{   174,   544,},
{  -129,    10,},
{  -216,  -207,},
{  -206,  -231,},
{   371,   791,},
{  -526,  -392,},
{  -278,  -304,},
{    83,  -594,},
};
{
{  -992,    -6,},
{   -66,  -230,},
};
{
{  -205,   260,  -235,   340,  -707,  -230,   165,  -538,  -266,   237,  -712,     3,},
{    10,   416,  -789,    90,   -87,    55,    42,  -131,   295,  -314,  -725,  -245,},
{  -133,  -875,  -733,  -606,  -371,  -253,   -85,  -201,  -263,  -567,   -22,  -130,},
{  -311,   436, -1321,   221,  -276,  -569,  -188,  -289,   103,  -285, -1282,    -5,},
{  -304,   348,  -731,   347,  -332, -1019,  -402,  -601,  -240,  -221,   -45,  -195,},
{    20,  -679,  -889,    85,   -25,    74,  -477,  -345,  -484,  -230,   408,  -413,},
{   176,  -406, -1005,   194,   638,  -265,   -83,  -962,  -720,   -82,  -663,  -196,},
{    52,  -411,  -407,  -498,   335,  -639,  -209,  -294,    12,   196,  -760,   -32,},
{   -72,    87,  -335,  -496,  -284,  -235,  -185,  -445,   -64,  -252,  -432,  -208,},
{  -301,  -484,   218,   -92,   -56,  -370,  -384,  -633,  -266,   -61,  -865,  -602,},
{  -234,  -396,    37,    18,    42,  -723,    33,   178,  -529,  -597,   -21,  -565,},
{  -101,  -159,   140,    80,  -580,  -544,  -559,  -497,  -700,  -292,  -460,   379,},
};
{
{  -160,   446,},
{    98,   127,},
};
{
{  -576,  -197,   -95,   389,   236,    12,  -246,  -166, -1055,  -301,   -81,   -83,},
{   177,   375,   441,  -133,    52,   183,   -31,    43,    14,  -330,   131,  -248,},
{  -598,  -323,  -155,    64,  -277,  -454,  -200,  -676,  -337,  -141,   -10,    88,},
{    15,   103,    80,    23,    50,    62,  -241,    -2,    94,  -101,   162,   -14,},
{  -768,  -323,  -443,  -206,  -121,  -201,  -138,  -458,  -180,  -377,   -99,  -388,},
{  -474,   -14,   198,  -252,  -234,   -22,     9,   196,  -720,   -59,   130,   -79,},
{  -590,    14,   -84,   -70,  -153,  -272,  -279,   148,    77,   -18,    96,  -225,},
{  -571,  -212,   101,   -21,    53,    -4,   260,  -202,  -472,  -162,  -220,   -54,},
{  -427,    42,  -212,   106,   -59,   111,    58,  -354,  -198,  -512,  -347,  -146,},
{  -425,  -723,   268,  -102,   170,  -307,  -343,  -278,  -403,  -800,  -369,   174,},
{  -566,   -56,   234,  -144,   -39,   241,  -147,   268,  -221,  -311,   132,  -255,},
{  -507,  -277,   240,  -117,   609,  -123,  -120,   184,  -255,  -174,  -345,    58,},
};
jedinec UID 4853 finalERR=0 I2=0 I3=0
jedinec UID 4853 finalERR=0.000000 I2=0.000000 I3=0.000000 
{
{   358,   111,  -156,  -119,   299,   193,   -48,  -608,    42,   212,   132,   -76,},
{  -156,   -71,  -388,  -226,  -235,  -266,   -47,  -267,   128,   -33, -1392,  -322,},
{   183,   248,  -406,  -177,   202,  -297,   185, -1128,    47,   -60,   -35,     8,},
{  -121,   196,    40,   202,  -116,   -16,   135,  -831,   -34,    69,  -165,     7,},
{  -239,   -77,    96,   186,    90,    62,    54,  -504,    85,  -127,  -113,  -228,},
{  -173,   -67,   644,     3,  -162,  -205,   -44,  -587,    22,   -84,  -627,   235,},
};
{
{  -333,  1056,},
{    49,    73,},
{  -587,  -724,},
{   167,    28,},
{   174,   544,},
{  -129,    23,},
{  -216,  -207,},
{  -206,  -231,},
{   371,   791,},
{  -526,  -392,},
{  -278,  -304,},
{    83,  -594,},
};
{
{  -992,    -6,},
{   -66,  -230,},
};
{
{  -205,   260,  -235,   340,  -707,  -230,   165,  -538,  -266,   237,  -712,     3,},
{    10,   416,  -789,    90,   -87,    55,    42,  -131,   295,  -314,  -725,  -245,},
{  -133,  -875,  -733,  -606,  -371,  -253,   -85,  -201,  -263,  -567,   -22,  -130,},
{  -311,   436, -1321,   221,  -276,  -569,  -188,  -289,   103,  -285, -1282,    -5,},
{  -304,   348,  -731,   347,  -332, -1019,  -402,  -601,  -240,  -221,   -45,  -195,},
{    20,  -679,  -889,    85,   -25,    74,  -477,  -345,  -484,  -230,   408,  -413,},
{   176,  -406, -1005,   194,   638,  -265,   -83,  -962,  -720,    15,  -663,  -196,},
{    52,  -261,  -407,  -498,   335,  -727,  -209,  -294,    12,   196,  -930,   179,},
{   -72,    87,  -335,  -496,  -284,  -235,  -185,  -445,   -64,  -252,  -432,  -208,},
{  -301,  -484,   218,   -92,   -56,  -370,  -384,  -633,  -266,   -61,  -865,  -602,},
{  -234,  -594,    37,  -212,    42,  -723,    33,   178,  -321,  -597,   -21,  -565,},
{  -101,  -159,   140,    80,  -580,  -544,  -559,  -497,  -700,  -292,  -460,   379,},
};
{
{  -160,   446,},
{    98,   127,},
};
{
{  -576,  -197,   -95,   389,   215,    12,  -246,  -166, -1055,  -301,   -81,   -83,},
{   177,   375,   441,  -133,    52,   183,   -31,    43,    14,  -422,   131,  -248,},
{  -598,  -323,  -192,    64,  -188,  -454,  -200,  -676,  -337,  -141,   -10,    88,},
{    15,   103,    80,    23,    50,    62,  -241,    -2,    94,  -101,   162,   -14,},
{  -768,  -323,  -443,  -206,  -121,  -201,  -140,  -458,  -180,  -377,   -99,  -388,},
{  -474,   -14,   198,  -252,  -234,   -22,     9,   196,  -720,   -59,   130,  -155,},
{  -590,    14,   -98,   -70,  -153,  -272,  -279,   327,    77,   -18,    96,  -225,},
{  -571,  -212,   101,   -21,    53,    -4,   260,  -202,  -472,  -162,  -220,   -54,},
{  -427,    42,  -212,   106,   -59,   111,    58,  -354,  -198,  -735,  -347,  -146,},
{  -425,  -723,   268,  -102,   170,  -307,  -343,  -278,  -403,  -800,  -369,   174,},
{  -566,   -56,   234,  -144,   -39,   241,  -147,   268,  -221,  -311,   132,  -255,},
{  -507,  -277,   240,  -117,   609,  -123,  -120,   184,  -322,  -174,  -345,    58,},
};
jedinec UID 2036 finalERR=0 I2=0 I3=0
jedinec UID 2036 finalERR=0.000000 I2=0.000000 I3=0.000000 
{
{   358,   111,  -156,  -119,   299,   193,   -48,  -608,    42,   212,   132,   -76,},
{  -156,   -71,  -388,  -226,  -235,  -266,   -47,  -267,   128,   -33, -1565,  -322,},
{   183,   248,  -406,  -177,   202,  -297,   185, -1128,    47,   -60,   -35,     8,},
{  -121,   196,    40,   202,  -116,   -16,   135,  -831,   -34,    69,  -165,     7,},
{  -239,   -77,    96,   186,    90,    62,    54,  -504,    85,  -127,  -113,  -228,},
{  -173,   -67,   644,     3,  -162,  -205,   -44,  -587,    22,   -84,  -627,   235,},
};
{
{  -333,  1056,},
{    49,    73,},
{  -587,  -724,},
{   167,    28,},
{   174,   544,},
{  -129,    23,},
{  -216,  -207,},
{  -206,  -231,},
{   371,   791,},
{  -526,  -392,},
{  -278,  -304,},
{    83,  -594,},
};
{
{  -992,    -6,},
{   -66,  -236,},
};
{
{  -205,   260,  -235,   340,  -707,  -230,   165,  -538,  -323,   237,  -712,     3,},
{    10,   416,  -789,    90,   -87,    55,    42,  -131,   295,  -314,  -725,  -245,},
{  -133, -1113,  -733,  -606,  -371,  -253,   -85,  -201,  -263,  -567,   -22,  -130,},
{  -311,   436, -1321,   221,  -276,  -569,  -188,  -289,   103,  -285, -1282,    -5,},
{  -304,   348,  -558,   347,  -332, -1104,  -402,  -835,  -240,  -221,   -45,  -195,},
{    20,  -679,  -889,    85,   -25,    74,  -477,  -345,  -484,  -230,   408,  -413,},
{   176,  -406, -1005,   194,   638,  -323,   -83,  -962,  -720,    15,  -663,  -196,},
{    52,  -261,  -407,  -498,   335,  -727,  -209,  -294,    12,   196,  -930,   179,},
{   -72,    87,  -335,  -496,  -284,  -235,  -185,  -445,   -64,  -252,  -432,  -208,},
{  -301,  -484,   218,   -92,   -56,  -370,  -384,  -633,  -266,   -61,  -865,  -602,},
{  -234,  -594,    37,  -212,    42,  -723,    33,   178,  -321,  -597,    -2,  -565,},
{  -101,  -159,   140,    80,  -580,  -544,  -559,  -497,  -700,  -292,  -460,   379,},
};
{
{  -160,   446,},
{    98,   127,},
};
{
{  -576,  -197,  -168,   389,   215,    12,  -246,  -166, -1055,  -301,   -81,   -83,},
{   177,   375,   441,  -133,    52,   183,   -31,    43,    14,  -422,   131,  -248,},
{  -598,  -323,  -192,    64,  -188,  -454,  -200,  -676,  -337,  -141,   -10,    88,},
{  -110,   140,    80,    23,    50,    62,  -241,    -2,    94,  -101,   162,   -14,},
{  -768,  -323,  -443,  -206,  -121,  -201,  -140,  -524,  -180,  -377,   -99,  -388,},
{  -474,   -14,   198,  -252,  -234,   -22,     9,   196,  -753,   -59,   130,  -155,},
{  -590,    14,   -98,   -70,  -153,  -272,  -279,   327,    77,   -18,    96,  -225,},
{  -680,  -212,   101,   -21,    53,    -4,   260,  -202,  -472,  -162,  -220,   -54,},
{  -427,    42,  -212,   106,   -59,   111,    58,  -404,  -198,  -735,  -347,  -146,},
{  -641,  -723,   268,  -102,   145,  -307,  -343,  -278,  -403,  -800,  -369,   174,},
{  -566,  -134,   234,  -144,   -39,   241,  -147,   268,  -221,  -311,   132,  -255,},
{  -507,  -277,   240,  -117,   609,  -123,  -120,   184,  -322,  -174,  -345,    58,},
};
jedinec UID 6672 finalERR=0 I2=0 I3=0
jedinec UID 6672 finalERR=0.000000 I2=0.000000 I3=0.000000 
{
{   358,   111,  -156,  -119,   299,   193,   -48,  -608,    18,   212,   132,   -76,},
{  -156,   -71,  -388,  -226,  -235,  -266,   -47,  -267,   128,   -33, -1565,  -322,},
{   183,   248,  -406,  -177,   202,  -297,   185, -1128,    47,   -60,   -35,     8,},
{  -121,   196,    40,   202,  -116,   -16,   135,  -831,   -34,    69,  -205,     7,},
{  -239,   -77,    96,   186,    90,    62,    54,  -504,    85,  -127,  -113,  -228,},
{  -173,   -67,   644,     3,  -162,  -205,   -44,  -587,    22,   -84,  -627,   235,},
};
{
{  -333,  1056,},
{    49,    73,},
{  -587,  -724,},
{   167,    28,},
{   174,   544,},
{  -129,    23,},
{  -216,  -207,},
{  -206,  -231,},
{   371,   791,},
{  -526,  -392,},
{  -278,  -304,},
{    83,  -594,},
};
{
{  -992,    -6,},
{   -66,  -236,},
};
{
{  -205,   260,  -235,   340,  -707,  -230,   165,  -538,  -323,   237,  -712,     3,},
{    10,   416,  -789,    90,   -87,    55,    42,  -131,   295,  -314,  -725,  -245,},
{  -133, -1215,  -733,  -606,  -371,  -253,   -85,  -201,  -263,  -567,   -22,  -130,},
{  -311,   436, -1321,   221,  -276,  -569,  -188,  -289,   103,  -285, -1282,    -5,},
{  -304,   348,  -558,   347,  -332, -1110,  -402,  -835,  -240,  -221,  -296,  -195,},
{    20,  -679,  -889,    85,   -25,    74,  -477,  -345,  -484,  -230,   408,  -413,},
{   176,  -406, -1005,   194,   638,  -323,   -83,  -962,  -720,    15,  -663,  -196,},
{    52,  -261,  -407,  -443,   335,  -546,  -209,  -294,    12,   196,  -930,   179,},
{   -72,    87,  -353,  -496,  -284,  -235,  -185,  -445,   -64,  -252,  -432,  -208,},
{  -301,  -704,   218,    34,   -56,  -370,  -384,  -633,  -266,   -61,  -865,  -602,},
{  -234,  -594,    37,  -212,    42,  -723,    33,   178,  -321,  -597,  -150,  -565,},
{  -101,  -159,   140,    80,  -580,  -544,  -559,  -497,  -700,  -292,  -460,   379,},
};
{
{  -160,   446,},
{    98,   127,},
};
{
{  -576,  -331,  -168,   389,   215,    12,  -246,  -166, -1055,  -301,   -81,   -83,},
{   177,   352,   441,  -133,    74,   183,   -31,    43,    14,  -422,   131,  -248,},
{  -598,  -323,  -192,    31,  -188,  -435,  -200,  -623,  -337,  -141,   -10,    88,},
{  -110,   140,    80,    23,    50,    62,  -182,    -2,    65,  -101,   162,   -14,},
{  -768,  -292,  -443,  -206,  -121,  -201,  -140,  -524,  -180,  -377,   -99,  -388,},
{  -474,   -14,   198,  -252,  -234,   -22,     9,   196,  -672,   -59,   130,  -155,},
{  -590,    14,   -98,   -70,  -241,  -272,  -279,   327,    77,   -18,    96,  -225,},
{  -680,  -212,   101,   -21,    53,    -4,   260,  -202,  -472,  -162,  -220,   -54,},
{  -427,    42,  -212,   106,   -59,   111,    58,  -404,  -198,  -735,  -347,  -146,},
{  -641,  -723,   268,  -102,   145,  -307,  -343,  -278,  -403,  -800,  -369,   174,},
{  -566,  -134,   234,  -144,   -39,   241,  -147,   268,  -221,  -311,   132,  -255,},
{  -507,  -277,   240,  -117,   609,  -123,  -120,   184,  -322,  -174,  -345,    58,},
};
jedinec UID 5738 finalERR=0 I2=0 I3=0
jedinec UID 5738 finalERR=0.000000 I2=0.000000 I3=0.000000 
{
{   358,   111,  -156,  -119,   299,   193,   -48,  -608,    18,   212,   132,   -76,},
{  -156,   -71,  -388,  -226,  -235,  -266,   -47,  -267,   128,   -33, -1565,  -322,},
{   183,   248,  -406,  -177,   202,  -356,   185, -1059,    47,   -60,   -35,     8,},
{  -121,   196,    40,   202,  -116,   -16,   135,  -831,   -34,    69,  -265,     7,},
{  -239,   -77,    96,   186,    90,    62,    54,  -455,    85,  -127,  -240,  -228,},
{  -173,   -67,   644,     3,  -162,  -205,   -44,  -760,    22,   -84,  -627,   235,},
};
{
{  -333,  1056,},
{    49,    73,},
{  -587,  -724,},
{   167,    28,},
{   174,   544,},
{  -129,    23,},
{  -216,  -207,},
{  -206,  -231,},
{   371,   791,},
{  -526,  -392,},
{  -278,  -304,},
{    83,  -594,},
};
{
{  -992,    -6,},
{   -66,  -236,},
};
{
{  -205,   260,  -235,   340,  -707,  -230,   165,  -538,  -323,   192,  -712,     3,},
{    10,   416,  -789,    90,   -87,    55,    42,  -229,   295,  -314,  -772,  -245,},
{  -133, -1215,  -733,  -606,  -371,  -253,   -85,  -416,  -263,  -567,   -22,  -130,},
{  -311,   436, -1321,   221,  -276,  -569,  -188,  -289,   103,  -285, -1282,    -5,},
{  -304,   348,  -558,   347,  -332, -1110,  -402,  -874,  -240,  -221,  -296,  -195,},
{    20,  -679,  -889,    85,   -25,    74,  -477,  -345,  -484,  -230,   408,  -413,},
{   176,  -406, -1005,   194,   638,  -423,   -83,  -962,  -720,    15,  -663,  -196,},
{    52,  -261,  -407,  -443,   335,  -546,  -209,  -294,  -195,   196,  -930,   179,},
{   -72,    87,  -353,  -496,  -284,  -235,  -223,  -445,   -64,  -252,  -432,  -208,},
{  -301,  -704,   218,    34,   -56,  -358,  -559,  -633,  -266,   -61,  -865,  -602,},
{  -234,  -594,    37,  -212,    42,  -810,    33,   178,  -321,  -597,  -150,  -565,},
{  -101,  -159,   140,    80,  -585,  -544,  -559,  -497,  -700,  -292,  -481,   379,},
};
{
{  -160,   446,},
{    98,   127,},
};
{
{  -576,  -339,  -176,   389,   215,    12,  -246,  -166, -1055,  -301,   -81,   -83,},
{   177,   352,   441,  -133,   -91,   260,   -31,    43,    14,  -598,   154,  -354,},
{  -598,  -340,  -192,    31,  -188,  -435,  -200,  -623,  -333,  -219,   -10,    88,},
{  -110,   140,    80,    23,    50,    62,  -182,    -2,    65,  -101,   162,   -14,},
{  -768,  -292,  -443,  -215,  -121,  -201,  -140,  -524,  -180,  -377,   -99,  -388,},
{  -474,   -14,   198,  -252,  -234,   -22,     9,   196,  -672,   -59,   130,  -155,},
{  -590,    14,   -98,   -70,  -241,  -272,  -279,   327,   -84,   -18,   -12,  -225,},
{  -680,  -212,   101,   -21,    53,    -4,   260,  -202,  -656,  -286,  -220,   -54,},
{  -461,    42,  -212,   106,   -59,   111,    58,  -404,  -198,  -920,  -347,  -146,},
{  -641,  -723,   268,  -102,   145,  -307,  -343,   -60,  -403,  -800,  -384,   219,},
{  -566,  -134,   234,  -144,   -39,   241,  -176,   268,    31,  -311,   132,  -255,},
{  -507,  -343,   240,  -117,   609,  -123,  -120,   184,  -322,  -174,  -345,    58,},
};
jedinec UID 6584 finalERR=0 I2=0 I3=0
jedinec UID 6584 finalERR=0.000000 I2=0.000000 I3=0.000000 
{
{   358,   111,  -156,  -119,   299,   193,   -48,  -608,    18,   212,   132,   -76,},
{  -156,   -71,  -388,  -226,  -235,  -266,   -47,  -267,   128,   -33, -1565,  -322,},
{   183,   248,  -406,  -177,   202,  -356,   185, -1059,    47,   -60,   -35,     8,},
{  -121,   196,    40,   202,  -116,   -16,   135,  -831,   -34,    69,  -265,     7,},
{  -239,   -77,    96,   186,    90,    62,    54,  -603,    85,  -127,  -210,  -228,},
{  -173,   -67,   644,     3,  -162,  -205,   -44,  -760,    22,   -84,  -627,   235,},
};
{
{  -333,  1056,},
{    49,    73,},
{  -587,  -724,},
{   167,    28,},
{   174,   544,},
{  -129,    23,},
{  -216,  -207,},
{  -206,  -231,},
{   371,   791,},
{  -526,  -392,},
{  -278,  -304,},
{    83,  -594,},
};
{
{  -992,    -6,},
{   -66,  -236,},
};
{
{  -205,   260,  -360,   340,  -707,  -230,   107,  -538,  -323,   217,  -712,     3,},
{    10,   416,  -789,    90,   -87,    55,    42,   -25,   295,  -314,  -772,  -245,},
{  -133, -1209,  -733,  -606,  -371,  -253,   -85,  -416,  -263,  -567,   -22,  -130,},
{  -311,   436, -1321,   221,  -276,  -569,  -188,  -289,   103,  -285, -1282,    -5,},
{  -304,   348,  -558,   347,  -332, -1110,  -402,  -874,  -240,  -221,  -277,  -195,},
{    20,  -679,  -889,    85,   -25,    74,  -477,  -507,  -484,  -230,   408,  -413,},
{   176,  -502, -1005,   194,   638,  -423,   -83,  -989,  -720,    15,  -663,  -196,},
{    52,  -261,  -407,  -443,   335,  -546,  -209,  -294,  -244,   196,  -930,   179,},
{   -72,    87,  -353,  -496,  -284,  -235,  -223,  -335,  -258,  -252,  -432,  -208,},
{  -301,  -704,   218,    34,   -56,  -358,  -559,  -633,  -266,   -61,  -865,  -602,},
{  -234,  -594,   -68,  -212,    42,  -810,   -75,   178,  -321,  -597,  -150,  -565,},
{  -101,  -159,   140,    80,  -585,  -544,  -559,  -497,  -700,  -284,  -481,   379,},
};
{
{  -160,   446,},
{    98,   127,},
};
{
{  -576,  -339,  -176,   389,   215,    12,  -246,  -166, -1055,  -301,   -81,   -83,},
{   177,   352,   441,  -133,   -91,   260,   -31,    43,    14,  -767,   154,  -354,},
{  -598,  -340,  -192,    31,  -188,  -435,  -200,  -623,  -333,  -219,   -10,    88,},
{  -110,   140,    80,    23,    50,    62,  -182,    -2,    65,  -101,   162,   -14,},
{  -768,  -292,  -443,  -215,  -121,  -201,  -150,  -524,  -156,  -377,   -99,  -388,},
{  -474,   -14,   198,  -252,  -234,   -22,     9,   196,  -672,  -224,   130,  -155,},
{  -590,    14,   -98,   -70,  -241,  -272,  -279,   327,   -84,   -18,   -12,  -225,},
{  -680,  -212,   101,   -21,    53,    -4,   260,  -202,  -656,  -286,  -220,   -54,},
{  -461,    42,  -212,   106,   -59,   111,    58,  -404,  -198,  -920,  -347,  -146,},
{  -641,  -723,   268,  -102,   145,  -385,  -343,   -60,  -403,  -800,  -384,   219,},
{  -566,  -134,   234,  -144,   -39,   238,  -176,   268,    31,  -529,   132,  -255,},
{  -507,  -343,   240,  -117,   609,  -123,  -120,   184,  -322,  -174,  -345,    58,},
};
jedinec UID 437 finalERR=0 I2=0 I3=0
jedinec UID 437 finalERR=0.000000 I2=0.000000 I3=0.000000 
{
{   358,   111,  -156,  -119,   299,   193,   -48,  -608,    18,   212,   132,   -76,},
{  -156,   -71,  -388,  -231,  -235,  -266,   -47,  -476,   128,   -33, -1565,  -322,},
{   183,   248,  -406,  -177,   202,  -356,   185, -1059,    47,   -60,   -35,     8,},
{  -121,   196,    40,   202,  -116,   -16,   135,  -976,   -34,    69,  -265,     7,},
{  -239,   -77,    96,   186,    90,    62,    54,  -603,    85,  -127,  -210,  -228,},
{  -173,   -67,   644,     3,  -162,  -205,   -44,  -760,    22,   -84,  -627,   235,},
};
{
{  -333,  1056,},
{    49,    73,},
{  -587,  -724,},
{   167,  -149,},
{   174,   544,},
{  -129,    23,},
{  -216,  -207,},
{  -206,  -404,},
{   371,   791,},
{  -526,  -392,},
{  -278,  -304,},
{    83,  -594,},
};
{
{  -992,    -6,},
{   -66,  -236,},
};
{
{  -205,   260,  -360,   340,  -707,  -230,   107,  -538,  -323,   217,  -712,     3,},
{    10,   586,  -789,    90,   -76,  -177,    42,   -25,   430,  -314,  -772,  -245,},
{  -133, -1209,  -733,  -606,  -371,  -253,   -85,  -416,  -263,  -567,   -37,  -130,},
{  -311,   436, -1519,   221,  -306,  -569,  -188,  -289,   103,  -285, -1452,    -5,},
{  -304,   348,  -558,   347,  -272, -1110,  -402,  -874,  -356,  -221,  -277,  -195,},
{    20,  -679,  -955,    85,   -39,   -55,  -477,  -507,  -484,  -230,   408,  -413,},
{   176,  -531,  -952,   194,   638,  -423,   -83, -1321,  -585,    15,  -663,  -196,},
{    52,  -261,  -407,  -443,   335,  -546,  -209,  -294,  -244,    99,  -930,   179,},
{   -72,    87,  -353,  -496,  -284,  -235,  -223,  -501,  -443,  -252,  -432,  -208,},
{  -301,  -704,   218,    34,     4,  -358,  -559,  -633,  -266,   -61, -1001,  -602,},
{  -234,  -594,   -68,  -212,    42,  -810,    76,   178,  -321,  -597,  -389,  -565,},
{  -101,  -159,  -100,    80,  -585,  -668,  -559,  -497,  -700,  -284,  -481,   379,},
};
{
{  -160,   446,},
{    98,   127,},
};
{
{  -576,  -339,  -176,   389,   215,    12,  -246,  -364, -1055,  -301,   -81,   -83,},
{   177,   352,   441,  -133,   -91,   260,   -31,    43,    14,  -767,   173,  -357,},
{  -598,  -340,  -192,    31,  -194,  -435,  -200,  -535,  -333,  -160,  -104,    88,},
{   -35,   140,    80,    23,    50,    62,  -222,    -2,    65,  -101,   162,   -14,},
{ -1030,  -292,  -443,  -215,  -121,  -201,  -150,  -524,  -201,  -579,   -99,  -388,},
{  -648,   -56,   198,  -252,  -482,   -22,     9,   196,  -672,  -224,   130,  -155,},
{  -590,    14,   -98,   -70,  -241,  -272,  -279,   230,   -84,   -18,   -12,  -225,},
{  -824,  -212,   101,   -21,    53,    -4,   260,  -202,  -825,  -489,  -220,   -54,},
{  -572,  -178,  -212,   106,   -59,    54,    58,  -404,  -145,  -920,  -347,  -146,},
{  -641,  -723,   268,  -102,   -43,  -385,  -343,   -60,  -300, -1032,  -384,   219,},
{  -646,  -305,   234,  -144,   -39,   238,  -176,   268,    31,  -529,   132,   -44,},
{  -677,  -343,   240,  -117,   609,  -123,  -120,    54,  -322,  -174,  -345,  -171,},
};
